GENTOW4 passPE2 fresh instrument (FR-T f2=3 nonlinear-W; FR-C gauge-live two-block)
FRT-2S: KT pins [(0, 24), (1, 13), (2, 3)] | KN pins [(0, 21), (1, 12), (2, 3)] | KL pins [(0, 21), (1, 12), (2, 3)]
FRT-RAM: KT pins [(0, 24), (2, 3)] | KN pins [(0, 21), (1, 12), (2, 3)] | KL pins [(0, 21), (1, 12), (2, 3)]
FRC-2S-RAM.A: pins [(0, 40), (1, 28), (2, 17), (3, 9), (4, 3)] cg 17 | naive pins [(0, 37), (1, 27), (2, 17), (3, 9), (4, 3)]
FRC-2S-RAM.B: pins [(0, 30), (1, 24), (2, 15), (3, 9), (4, 3)] cg 15 | naive pins [(0, 27), (1, 21), (2, 15), (3, 9), (4, 3)]
FRC-RAM-2S.A: pins [(0, 40), (1, 32), (2, 17), (3, 9), (4, 3)] cg 17 | naive pins [(0, 37), (1, 27), (2, 17), (3, 9), (4, 3)]
FRC-RAM-2S.B: pins [(0, 30), (1, 22), (2, 15), (3, 9), (4, 3)] cg 15 | naive pins [(0, 27), (1, 21), (2, 15), (3, 9), (4, 3)]
FRC-2S-2S.A: pins [(0, 40), (1, 28), (2, 17), (3, 9), (4, 3)] cg 17 | naive pins [(0, 37), (1, 27), (2, 17), (3, 9), (4, 3)]
FRC-2S-2S.B: pins [(0, 30), (1, 22), (2, 15), (3, 9), (4, 3)] cg 15 | naive pins [(0, 27), (1, 21), (2, 15), (3, 9), (4, 3)]
running gp (38 jobs)...
  gp stderr tail:   ***   Warning: new maximum stack size = 2000003072 (1907.352 Mbytes).

FR-T keys: KT [[2, 3]] | KL [[2, 3]] | KN [[2, 1], [2, 2]]
FRT-2S: kT [[2, 1, 9], [2, 3, 10], [2, 3, 11]] | kN [[2, 1, 9], [2, 3, 9], [2, 3, 9]]
FRT-RAM: kT [[2, 1, 9], [4, 3, 21]] | kN [[2, 1, 9], [4, 3, 18]]
FR-C keys: KA [[2, 2]] KB [[2, 2]] | naive KAN [[2, 1], [2, 1]] KBN [[4, 1]]
FRC-2S-RAM: kA [[2, 1, 10], [2, 2, 12], [2, 2, 11], [4, 2, 12]] | kB [[2, 1, 6], [2, 2, 6], [2, 2, 6], [4, 2, 15]]
FRC-2S-RAM: kAN [[2, 1, 10], [2, 2, 10], [2, 2, 10], [4, 2, 12]] | kBN [[2, 1, 6], [2, 2, 6], [2, 2, 6], [4, 2, 12]]
FRC-RAM-2S: kA [[2, 1, 10], [4, 2, 23], [2, 2, 6], [2, 2, 6]] | kB [[2, 1, 6], [4, 2, 12], [2, 2, 8], [2, 2, 7]]
FRC-RAM-2S: kAN [[2, 1, 10], [4, 2, 20], [2, 2, 6], [2, 2, 6]] | kBN [[2, 1, 6], [4, 2, 12], [2, 2, 6], [2, 2, 6]]
FRC-2S-2S: kA [[2, 1, 10], [2, 2, 12], [2, 2, 11], [2, 2, 6], [2, 2, 6]] | kB [[2, 1, 6], [2, 2, 6], [2, 2, 6], [2, 2, 8], [2, 2, 7]]
FRC-2S-2S: kAN [[2, 1, 10], [2, 2, 10], [2, 2, 10], [2, 2, 6], [2, 2, 6]] | kBN [[2, 1, 6], [2, 2, 6], [2, 2, 6], [2, 2, 6], [2, 2, 6]]

TOTAL: 93 checks, 0 violations
VERDICT: GREEN
