M3 DEGENERATION LADDER + RAMPS — post-seal diagnostic, seed 20260803
sealed artifacts read-only; own artifact read of the RED verdict:
  sealed violations=0 m4_detected=0 harness_events=0 => RED = m4-teeth-only (concur, from raw artifacts)

==============================================================================
PART A: DEGENERATION LADDER — exhaustive W1xW1 per tower, 4 ring configs
  cols: NI naive-nonintegral | ID both-integral D1!=D1n | FD field diff
  gJK = Delta - gamma2*J on d3=1 pairs (must be the CONSTANT gamma3*kappa)

-- config (Zp, p=2) --
  FULL8    222 E3= 8 g=111 | g2c=  5 g3c=  21 l0=1 l1=1 kap=  -2 TB=  -42 | prs= 64 d3+= 16 NI=  8 ID=  8 FD=  0 | gJK=  -42 J[10, 11] | cmp0=0 s2id0=0 r0=0
  FULLg0   222 E3= 8 g=211 | g2c=  9 g3c=  37 l0=1 l1=1 kap=  -4 TB= -148 | prs= 64 d3+= 16 NI=  8 ID=  8 FD=  8 | gJK= -148 J[18, 19] | cmp0=0 s2id0=0 r0=0
  FULLg1   222 E3= 8 g=121 | g2c=  5 g3c=  41 l0=1 l1=1 kap=  -2 TB=  -82 | prs= 64 d3+= 16 NI=  8 ID=  8 FD=  0 | gJK=  -82 J[20, 21] | cmp0=0 s2id0=0 r0=0
  FULLg2   222 E3= 8 g=112 | g2c=  5 g3c=  21 l0=1 l1=1 kap=  -2 TB=  -42 | prs= 64 d3+= 16 NI=  8 ID=  8 FD=  0 | gJK=  -42 J[10, 11] | cmp0=0 s2id0=0 r0=0
  De2a     221 E3= 4 g=112 | g2c=  5 g3c=  11 l0=1 l1=1 kap=  -2 TB=  -22 | prs= 16 d3+=  0 NI=  0 ID=  0 FD=  0 | gJK= none J[] | cmp0=0 s2id0=0 r0=0
           e2=1 RECOVERY: split-id bad=0 measured-tie bad=0 law-tie bad=0
  De2b     231 E3= 6 g=112 | g2c=  7 g3c=  22 l0=1 l1=1 kap=  -2 TB=  -44 | prs= 36 d3+=  0 NI=  0 ID=  0 FD=  0 | gJK= none J[] | cmp0=0 s2id0=0 r0=0
           e2=1 RECOVERY: split-id bad=0 measured-tie bad=0 law-tie bad=0
  De2c     321 E3= 6 g=112 | g2c= 13 g3c=  27 l0=2 l1=1 kap=  -6 TB= -162 | prs= 36 d3+=  0 NI=  0 ID=  0 FD=  0 | gJK= none J[] | cmp0=0 s2id0=0 r0=0
           e2=1 RECOVERY: split-id bad=0 measured-tie bad=0 law-tie bad=0
  De2g0    221 E3= 4 g=212 | g2c=  9 g3c=  19 l0=1 l1=1 kap=  -4 TB=  -76 | prs= 16 d3+=  0 NI=  0 ID=  0 FD=  0 | gJK= none J[] | cmp0=0 s2id0=0 r0=0
           e2=1 RECOVERY: split-id bad=0 measured-tie bad=0 law-tie bad=0
  De1a     212 E3= 4 g=121 | g2c=  3 g3c=  13 l0=1 l1=0 kap=   1 TB=   13 | prs= 16 d3+=  4 NI=  4 ID=  0 FD=  0 | gJK=   13 J[0] | cmp0=0 s2id0=0 r0=0
  De1b     312 E3= 6 g=121 | g2c=  4 g3c=  17 l0=1 l1=0 kap=   1 TB=   17 | prs= 36 d3+=  9 NI=  9 ID=  0 FD=  0 | gJK=   17 J[0] | cmp0=0 s2id0=0 r0=0
  De1c     213 E3= 6 g=121 | g2c=  3 g3c=  19 l0=1 l1=0 kap=   1 TB=   19 | prs= 36 d3+= 12 NI= 12 ID=  0 FD=  0 | gJK=   19 J[0] | cmp0=0 s2id0=0 r0=0
  De0a     122 E3= 4 g=211 | g2c=  5 g3c=  21 l0=0 l1=1 kap=  -2 TB=  -42 | prs= 16 d3+=  4 NI=  0 ID=  0 FD=  0 | gJK=  -42 J[10, 11] | cmp0=0 s2id0=0 r0=0
  De0b     123 E3= 6 g=211 | g2c=  5 g3c=  31 l0=0 l1=1 kap=  -2 TB=  -62 | prs= 36 d3+= 12 NI=  0 ID=  0 FD=  0 | gJK=  -62 J[15, 16] | cmp0=0 s2id0=0 r0=0
  De0c     132 E3= 6 g=211 | g2c=  7 g3c=  43 l0=0 l1=1 kap=  -2 TB=  -86 | prs= 36 d3+=  9 NI=  0 ID=  0 FD=  0 | gJK=  -86 J[14, 15] | cmp0=0 s2id0=0 r0=0
  De0e1    114 E3= 4 g=221 | g2c=  3 g3c=  27 l0=0 l1=0 kap=   1 TB=   27 | prs= 16 d3+=  6 NI=  0 ID=  0 FD=  0 | gJK=   27 J[0] | cmp0=0 s2id0=0 r0=0
  De0e2    141 E3= 4 g=212 | g2c= 11 g3c=  45 l0=0 l1=3 kap=  -8 TB= -360 | prs= 16 d3+=  0 NI=  0 ID=  0 FD=  0 | gJK= none J[] | cmp0=0 s2id0=0 r0=0
           e2=1 RECOVERY: split-id bad=0 measured-tie bad=0 law-tie bad=0
  De1e2    411 E3= 4 g=122 | g2c= 13 g3c=  27 l0=3 l1=0 kap=   1 TB=   27 | prs= 16 d3+=  0 NI=  0 ID=  0 FD=  0 | gJK= none J[] | cmp0=0 s2id0=0 r0=0
           e2=1 RECOVERY: split-id bad=0 measured-tie bad=0 law-tie bad=0
  [   0.6s]

-- config (Zp, p=3) --
  FULL8    222 E3= 8 g=111 | g2c=  5 g3c=  21 l0=1 l1=1 kap=  -2 TB=  -42 | prs= 64 d3+= 16 NI=  8 ID=  8 FD=  0 | gJK=  -42 J[10, 11] | cmp0=0 s2id0=0 r0=0
  FULLg0   222 E3= 8 g=211 | g2c=  9 g3c=  37 l0=1 l1=1 kap=  -4 TB= -148 | prs= 64 d3+= 16 NI=  8 ID=  8 FD=  8 | gJK= -148 J[18, 19] | cmp0=0 s2id0=0 r0=0
  FULLg1   222 E3= 8 g=121 | g2c=  5 g3c=  41 l0=1 l1=1 kap=  -2 TB=  -82 | prs= 64 d3+= 16 NI=  8 ID=  8 FD=  8 | gJK=  -82 J[20, 21] | cmp0=0 s2id0=0 r0=0
  FULLg2   222 E3= 8 g=112 | g2c=  5 g3c=  21 l0=1 l1=1 kap=  -2 TB=  -42 | prs= 64 d3+= 16 NI=  8 ID=  8 FD=  0 | gJK=  -42 J[10, 11] | cmp0=0 s2id0=0 r0=0
  De2a     221 E3= 4 g=112 | g2c=  5 g3c=  11 l0=1 l1=1 kap=  -2 TB=  -22 | prs= 16 d3+=  0 NI=  0 ID=  0 FD=  0 | gJK= none J[] | cmp0=0 s2id0=0 r0=0
           e2=1 RECOVERY: split-id bad=0 measured-tie bad=0 law-tie bad=0
  De2b     231 E3= 6 g=112 | g2c=  7 g3c=  22 l0=1 l1=1 kap=  -2 TB=  -44 | prs= 36 d3+=  0 NI=  0 ID=  0 FD=  0 | gJK= none J[] | cmp0=0 s2id0=0 r0=0
           e2=1 RECOVERY: split-id bad=0 measured-tie bad=0 law-tie bad=0
  De2c     321 E3= 6 g=112 | g2c= 13 g3c=  27 l0=2 l1=1 kap=  -6 TB= -162 | prs= 36 d3+=  0 NI=  0 ID=  0 FD=  0 | gJK= none J[] | cmp0=0 s2id0=0 r0=0
           e2=1 RECOVERY: split-id bad=0 measured-tie bad=0 law-tie bad=0
  De2g0    221 E3= 4 g=212 | g2c=  9 g3c=  19 l0=1 l1=1 kap=  -4 TB=  -76 | prs= 16 d3+=  0 NI=  0 ID=  0 FD=  0 | gJK= none J[] | cmp0=0 s2id0=0 r0=0
           e2=1 RECOVERY: split-id bad=0 measured-tie bad=0 law-tie bad=0
  De1a     212 E3= 4 g=121 | g2c=  3 g3c=  13 l0=1 l1=0 kap=   1 TB=   13 | prs= 16 d3+=  4 NI=  4 ID=  0 FD=  0 | gJK=   13 J[0] | cmp0=0 s2id0=0 r0=0
  De1b     312 E3= 6 g=121 | g2c=  4 g3c=  17 l0=1 l1=0 kap=   1 TB=   17 | prs= 36 d3+=  9 NI=  9 ID=  0 FD=  0 | gJK=   17 J[0] | cmp0=0 s2id0=0 r0=0
  De1c     213 E3= 6 g=121 | g2c=  3 g3c=  19 l0=1 l1=0 kap=   1 TB=   19 | prs= 36 d3+= 12 NI= 12 ID=  0 FD=  0 | gJK=   19 J[0] | cmp0=0 s2id0=0 r0=0
  De0a     122 E3= 4 g=211 | g2c=  5 g3c=  21 l0=0 l1=1 kap=  -2 TB=  -42 | prs= 16 d3+=  4 NI=  0 ID=  0 FD=  0 | gJK=  -42 J[10, 11] | cmp0=0 s2id0=0 r0=0
  De0b     123 E3= 6 g=211 | g2c=  5 g3c=  31 l0=0 l1=1 kap=  -2 TB=  -62 | prs= 36 d3+= 12 NI=  0 ID=  0 FD=  0 | gJK=  -62 J[15, 16] | cmp0=0 s2id0=0 r0=0
  De0c     132 E3= 6 g=211 | g2c=  7 g3c=  43 l0=0 l1=1 kap=  -2 TB=  -86 | prs= 36 d3+=  9 NI=  0 ID=  0 FD=  0 | gJK=  -86 J[14, 15] | cmp0=0 s2id0=0 r0=0
  De0e1    114 E3= 4 g=221 | g2c=  3 g3c=  27 l0=0 l1=0 kap=   1 TB=   27 | prs= 16 d3+=  6 NI=  0 ID=  0 FD=  0 | gJK=   27 J[0] | cmp0=0 s2id0=0 r0=0
  De0e2    141 E3= 4 g=212 | g2c= 11 g3c=  45 l0=0 l1=3 kap=  -8 TB= -360 | prs= 16 d3+=  0 NI=  0 ID=  0 FD=  0 | gJK= none J[] | cmp0=0 s2id0=0 r0=0
           e2=1 RECOVERY: split-id bad=0 measured-tie bad=0 law-tie bad=0
  De1e2    411 E3= 4 g=122 | g2c= 13 g3c=  27 l0=3 l1=0 kap=   1 TB=   27 | prs= 16 d3+=  0 NI=  0 ID=  0 FD=  0 | gJK= none J[] | cmp0=0 s2id0=0 r0=0
           e2=1 RECOVERY: split-id bad=0 measured-tie bad=0 law-tie bad=0
  [   1.4s]

-- config (Fpt, p=2) --
  FULL8    222 E3= 8 g=111 | g2c=  5 g3c=  21 l0=1 l1=1 kap=  -2 TB=  -42 | prs= 64 d3+= 16 NI=  8 ID=  8 FD=  0 | gJK=  -42 J[10, 11] | cmp0=0 s2id0=0 r0=0
  FULLg0   222 E3= 8 g=211 | g2c=  9 g3c=  37 l0=1 l1=1 kap=  -4 TB= -148 | prs= 64 d3+= 16 NI=  8 ID=  8 FD=  8 | gJK= -148 J[18, 19] | cmp0=0 s2id0=0 r0=0
  FULLg1   222 E3= 8 g=121 | g2c=  5 g3c=  41 l0=1 l1=1 kap=  -2 TB=  -82 | prs= 64 d3+= 16 NI=  8 ID=  8 FD=  0 | gJK=  -82 J[20, 21] | cmp0=0 s2id0=0 r0=0
  FULLg2   222 E3= 8 g=112 | g2c=  5 g3c=  21 l0=1 l1=1 kap=  -2 TB=  -42 | prs= 64 d3+= 16 NI=  8 ID=  8 FD=  0 | gJK=  -42 J[10, 11] | cmp0=0 s2id0=0 r0=0
  De2a     221 E3= 4 g=112 | g2c=  5 g3c=  11 l0=1 l1=1 kap=  -2 TB=  -22 | prs= 16 d3+=  0 NI=  0 ID=  0 FD=  0 | gJK= none J[] | cmp0=0 s2id0=0 r0=0
           e2=1 RECOVERY: split-id bad=0 measured-tie bad=0 law-tie bad=0
  De2b     231 E3= 6 g=112 | g2c=  7 g3c=  22 l0=1 l1=1 kap=  -2 TB=  -44 | prs= 36 d3+=  0 NI=  0 ID=  0 FD=  0 | gJK= none J[] | cmp0=0 s2id0=0 r0=0
           e2=1 RECOVERY: split-id bad=0 measured-tie bad=0 law-tie bad=0
  De2c     321 E3= 6 g=112 | g2c= 13 g3c=  27 l0=2 l1=1 kap=  -6 TB= -162 | prs= 36 d3+=  0 NI=  0 ID=  0 FD=  0 | gJK= none J[] | cmp0=0 s2id0=0 r0=0
           e2=1 RECOVERY: split-id bad=0 measured-tie bad=0 law-tie bad=0
  De2g0    221 E3= 4 g=212 | g2c=  9 g3c=  19 l0=1 l1=1 kap=  -4 TB=  -76 | prs= 16 d3+=  0 NI=  0 ID=  0 FD=  0 | gJK= none J[] | cmp0=0 s2id0=0 r0=0
           e2=1 RECOVERY: split-id bad=0 measured-tie bad=0 law-tie bad=0
  De1a     212 E3= 4 g=121 | g2c=  3 g3c=  13 l0=1 l1=0 kap=   1 TB=   13 | prs= 16 d3+=  4 NI=  4 ID=  0 FD=  0 | gJK=   13 J[0] | cmp0=0 s2id0=0 r0=0
  De1b     312 E3= 6 g=121 | g2c=  4 g3c=  17 l0=1 l1=0 kap=   1 TB=   17 | prs= 36 d3+=  9 NI=  9 ID=  0 FD=  0 | gJK=   17 J[0] | cmp0=0 s2id0=0 r0=0
  De1c     213 E3= 6 g=121 | g2c=  3 g3c=  19 l0=1 l1=0 kap=   1 TB=   19 | prs= 36 d3+= 12 NI= 12 ID=  0 FD=  0 | gJK=   19 J[0] | cmp0=0 s2id0=0 r0=0
  De0a     122 E3= 4 g=211 | g2c=  5 g3c=  21 l0=0 l1=1 kap=  -2 TB=  -42 | prs= 16 d3+=  4 NI=  0 ID=  0 FD=  0 | gJK=  -42 J[10, 11] | cmp0=0 s2id0=0 r0=0
  De0b     123 E3= 6 g=211 | g2c=  5 g3c=  31 l0=0 l1=1 kap=  -2 TB=  -62 | prs= 36 d3+= 12 NI=  0 ID=  0 FD=  0 | gJK=  -62 J[15, 16] | cmp0=0 s2id0=0 r0=0
  De0c     132 E3= 6 g=211 | g2c=  7 g3c=  43 l0=0 l1=1 kap=  -2 TB=  -86 | prs= 36 d3+=  9 NI=  0 ID=  0 FD=  0 | gJK=  -86 J[14, 15] | cmp0=0 s2id0=0 r0=0
  De0e1    114 E3= 4 g=221 | g2c=  3 g3c=  27 l0=0 l1=0 kap=   1 TB=   27 | prs= 16 d3+=  6 NI=  0 ID=  0 FD=  0 | gJK=   27 J[0] | cmp0=0 s2id0=0 r0=0
  De0e2    141 E3= 4 g=212 | g2c= 11 g3c=  45 l0=0 l1=3 kap=  -8 TB= -360 | prs= 16 d3+=  0 NI=  0 ID=  0 FD=  0 | gJK= none J[] | cmp0=0 s2id0=0 r0=0
           e2=1 RECOVERY: split-id bad=0 measured-tie bad=0 law-tie bad=0
  De1e2    411 E3= 4 g=122 | g2c= 13 g3c=  27 l0=3 l1=0 kap=   1 TB=   27 | prs= 16 d3+=  0 NI=  0 ID=  0 FD=  0 | gJK= none J[] | cmp0=0 s2id0=0 r0=0
           e2=1 RECOVERY: split-id bad=0 measured-tie bad=0 law-tie bad=0
  [   2.1s]

-- config (Fpt, p=3) --
  FULL8    222 E3= 8 g=111 | g2c=  5 g3c=  21 l0=1 l1=1 kap=  -2 TB=  -42 | prs= 64 d3+= 16 NI=  8 ID=  8 FD=  0 | gJK=  -42 J[10, 11] | cmp0=0 s2id0=0 r0=0
  FULLg0   222 E3= 8 g=211 | g2c=  9 g3c=  37 l0=1 l1=1 kap=  -4 TB= -148 | prs= 64 d3+= 16 NI=  8 ID=  8 FD=  8 | gJK= -148 J[18, 19] | cmp0=0 s2id0=0 r0=0
  FULLg1   222 E3= 8 g=121 | g2c=  5 g3c=  41 l0=1 l1=1 kap=  -2 TB=  -82 | prs= 64 d3+= 16 NI=  8 ID=  8 FD=  8 | gJK=  -82 J[20, 21] | cmp0=0 s2id0=0 r0=0
  FULLg2   222 E3= 8 g=112 | g2c=  5 g3c=  21 l0=1 l1=1 kap=  -2 TB=  -42 | prs= 64 d3+= 16 NI=  8 ID=  8 FD=  0 | gJK=  -42 J[10, 11] | cmp0=0 s2id0=0 r0=0
  De2a     221 E3= 4 g=112 | g2c=  5 g3c=  11 l0=1 l1=1 kap=  -2 TB=  -22 | prs= 16 d3+=  0 NI=  0 ID=  0 FD=  0 | gJK= none J[] | cmp0=0 s2id0=0 r0=0
           e2=1 RECOVERY: split-id bad=0 measured-tie bad=0 law-tie bad=0
  De2b     231 E3= 6 g=112 | g2c=  7 g3c=  22 l0=1 l1=1 kap=  -2 TB=  -44 | prs= 36 d3+=  0 NI=  0 ID=  0 FD=  0 | gJK= none J[] | cmp0=0 s2id0=0 r0=0
           e2=1 RECOVERY: split-id bad=0 measured-tie bad=0 law-tie bad=0
  De2c     321 E3= 6 g=112 | g2c= 13 g3c=  27 l0=2 l1=1 kap=  -6 TB= -162 | prs= 36 d3+=  0 NI=  0 ID=  0 FD=  0 | gJK= none J[] | cmp0=0 s2id0=0 r0=0
           e2=1 RECOVERY: split-id bad=0 measured-tie bad=0 law-tie bad=0
  De2g0    221 E3= 4 g=212 | g2c=  9 g3c=  19 l0=1 l1=1 kap=  -4 TB=  -76 | prs= 16 d3+=  0 NI=  0 ID=  0 FD=  0 | gJK= none J[] | cmp0=0 s2id0=0 r0=0
           e2=1 RECOVERY: split-id bad=0 measured-tie bad=0 law-tie bad=0
  De1a     212 E3= 4 g=121 | g2c=  3 g3c=  13 l0=1 l1=0 kap=   1 TB=   13 | prs= 16 d3+=  4 NI=  4 ID=  0 FD=  0 | gJK=   13 J[0] | cmp0=0 s2id0=0 r0=0
  De1b     312 E3= 6 g=121 | g2c=  4 g3c=  17 l0=1 l1=0 kap=   1 TB=   17 | prs= 36 d3+=  9 NI=  9 ID=  0 FD=  0 | gJK=   17 J[0] | cmp0=0 s2id0=0 r0=0
  De1c     213 E3= 6 g=121 | g2c=  3 g3c=  19 l0=1 l1=0 kap=   1 TB=   19 | prs= 36 d3+= 12 NI= 12 ID=  0 FD=  0 | gJK=   19 J[0] | cmp0=0 s2id0=0 r0=0
  De0a     122 E3= 4 g=211 | g2c=  5 g3c=  21 l0=0 l1=1 kap=  -2 TB=  -42 | prs= 16 d3+=  4 NI=  0 ID=  0 FD=  0 | gJK=  -42 J[10, 11] | cmp0=0 s2id0=0 r0=0
  De0b     123 E3= 6 g=211 | g2c=  5 g3c=  31 l0=0 l1=1 kap=  -2 TB=  -62 | prs= 36 d3+= 12 NI=  0 ID=  0 FD=  0 | gJK=  -62 J[15, 16] | cmp0=0 s2id0=0 r0=0
  De0c     132 E3= 6 g=211 | g2c=  7 g3c=  43 l0=0 l1=1 kap=  -2 TB=  -86 | prs= 36 d3+=  9 NI=  0 ID=  0 FD=  0 | gJK=  -86 J[14, 15] | cmp0=0 s2id0=0 r0=0
  De0e1    114 E3= 4 g=221 | g2c=  3 g3c=  27 l0=0 l1=0 kap=   1 TB=   27 | prs= 16 d3+=  6 NI=  0 ID=  0 FD=  0 | gJK=   27 J[0] | cmp0=0 s2id0=0 r0=0
  De0e2    141 E3= 4 g=212 | g2c= 11 g3c=  45 l0=0 l1=3 kap=  -8 TB= -360 | prs= 16 d3+=  0 NI=  0 ID=  0 FD=  0 | gJK= none J[] | cmp0=0 s2id0=0 r0=0
           e2=1 RECOVERY: split-id bad=0 measured-tie bad=0 law-tie bad=0
  De1e2    411 E3= 4 g=122 | g2c= 13 g3c=  27 l0=3 l1=0 kap=   1 TB=   27 | prs= 16 d3+=  0 NI=  0 ID=  0 FD=  0 | gJK= none J[] | cmp0=0 s2id0=0 r0=0
           e2=1 RECOVERY: split-id bad=0 measured-tie bad=0 law-tie bad=0
  [   2.9s]

==============================================================================
PART A TABLES (Zp, p=3): full per-pair rows (eyeball; S2m/S1m are the
law-free measured shifts; Dlt = S1m - gamma2*d2 = the correction term)

  PAIR TABLE Zp,p=3,FULL8  (e,h,g)x3 = (2,1,1)(2,1,1)(2,1,1)  E3=8 Gamma0=48 gamma2=5 gamma3=21 w1P=2 l0=1 l1=1 l1p=0 kappa=-2 ord(zb,z2,z1)=(1,2,2)
   r rp | s3 s3p d3 | s2 s2p s2s | s1 s1p s1s |  S2m  S1m  Dlt   J |  D2  D1 D1n | sep
   0  0 |  0   0  0 |  0   0   0 |  0   0   0 |    0    0    0   0 |   0   0   0 | -
   0  1 |  0   1  0 |  0   0   0 |  0   1   1 |    0    0    0   0 |   0   0   0 | -
   0  2 |  0   0  0 |  0   1   1 |  0   0   0 |    0    0    0   0 |   0   0   0 | -
   0  3 |  0   1  0 |  0   1   1 |  0   1   1 |    0    0    0   0 |   0   0   0 | -
   0  4 |  0   0  0 |  0   0   0 |  0   1   1 |    0    0    0   0 |   0   0   0 | -
   0  5 |  0   1  0 |  0   0   0 |  0   0   0 |    0    0    0   0 |   0   0   0 | -
   0  6 |  0   0  0 |  0   1   1 |  0   1   1 |    0    0    0   0 |   0   0   0 | -
   0  7 |  0   1  0 |  0   1   1 |  0   0   0 |    0    0    0   0 |   0   0   0 | -
   1  0 |  1   0  0 |  0   0   0 |  1   0   1 |    0    0    0   0 |   0   0   0 | -
   1  1 |  1   1  1 |  0   0   1 |  1   1   0 |   21    8    8  10 |  10   5   1 | ID
   1  2 |  1   0  0 |  0   1   1 |  1   0   1 |    0    0    0   0 |   0   0   0 | -
   1  3 |  1   1  1 |  0   1   0 |  1   1   1 |   21   13   13  11 |  11   7  NI | NI
   1  4 |  1   0  0 |  0   0   0 |  1   1   0 |    0    0    0   0 |   0   1   1 | -
   1  5 |  1   1  1 |  0   0   1 |  1   0   1 |   21    8    8  10 |  10   4   0 | ID
   1  6 |  1   0  0 |  0   1   1 |  1   1   0 |    0    0    0   0 |   0   1   1 | -
   1  7 |  1   1  1 |  0   1   0 |  1   0   0 |   21   13   13  11 |  11   7  NI | NI
   2  0 |  0   0  0 |  1   0   1 |  0   0   0 |    0    0    0   0 |   0   0   0 | -
   2  1 |  0   1  0 |  1   0   1 |  0   1   1 |    0    0    0   0 |   0   0   0 | -
   2  2 |  0   0  0 |  1   1   0 |  0   0   1 |    0    5    0   0 |   1   2   2 | -
   2  3 |  0   1  0 |  1   1   0 |  0   1   0 |    0    5    0   0 |   1   3   3 | -
   2  4 |  0   0  0 |  1   0   1 |  0   1   1 |    0    0    0   0 |   0   0   0 | -
   2  5 |  0   1  0 |  1   0   1 |  0   0   0 |    0    0    0   0 |   0   0   0 | -
   2  6 |  0   0  0 |  1   1   0 |  0   1   0 |    0    5    0   0 |   1   3   3 | -
   2  7 |  0   1  0 |  1   1   0 |  0   0   1 |    0    5    0   0 |   1   2   2 | -
   3  0 |  1   0  0 |  1   0   1 |  1   0   1 |    0    0    0   0 |   0   0   0 | -
   3  1 |  1   1  1 |  1   0   0 |  1   1   1 |   21   13   13  11 |  11   7  NI | NI
   3  2 |  1   0  0 |  1   1   0 |  1   0   0 |    0    5    0   0 |   1   3   3 | -
   3  3 |  1   1  1 |  1   1   1 |  1   1   1 |   21   13    8  10 |  11   7   3 | ID
   3  4 |  1   0  0 |  1   0   1 |  1   1   0 |    0    0    0   0 |   0   1   1 | -
   3  5 |  1   1  1 |  1   0   0 |  1   0   0 |   21   13   13  11 |  11   7  NI | NI
   3  6 |  1   0  0 |  1   1   0 |  1   1   1 |    0    5    0   0 |   1   3   3 | -
   3  7 |  1   1  1 |  1   1   1 |  1   0   0 |   21   13    8  10 |  11   7   3 | ID
   4  0 |  0   0  0 |  0   0   0 |  1   0   1 |    0    0    0   0 |   0   0   0 | -
   4  1 |  0   1  0 |  0   0   0 |  1   1   0 |    0    0    0   0 |   0   1   1 | -
   4  2 |  0   0  0 |  0   1   1 |  1   0   1 |    0    0    0   0 |   0   0   0 | -
   4  3 |  0   1  0 |  0   1   1 |  1   1   0 |    0    0    0   0 |   0   1   1 | -
   4  4 |  0   0  0 |  0   0   0 |  1   1   0 |    0    0    0   0 |   0   1   1 | -
   4  5 |  0   1  0 |  0   0   0 |  1   0   1 |    0    0    0   0 |   0   0   0 | -
   4  6 |  0   0  0 |  0   1   1 |  1   1   0 |    0    0    0   0 |   0   1   1 | -
   4  7 |  0   1  0 |  0   1   1 |  1   0   1 |    0    0    0   0 |   0   0   0 | -
   5  0 |  1   0  0 |  0   0   0 |  0   0   0 |    0    0    0   0 |   0   0   0 | -
   5  1 |  1   1  1 |  0   0   1 |  0   1   1 |   21    8    8  10 |  10   4   0 | ID
   5  2 |  1   0  0 |  0   1   1 |  0   0   0 |    0    0    0   0 |   0   0   0 | -
   5  3 |  1   1  1 |  0   1   0 |  0   1   0 |   21   13   13  11 |  11   7  NI | NI
   5  4 |  1   0  0 |  0   0   0 |  0   1   1 |    0    0    0   0 |   0   0   0 | -
   5  5 |  1   1  1 |  0   0   1 |  0   0   0 |   21    8    8  10 |  10   4   0 | ID
   5  6 |  1   0  0 |  0   1   1 |  0   1   1 |    0    0    0   0 |   0   0   0 | -
   5  7 |  1   1  1 |  0   1   0 |  0   0   1 |   21   13   13  11 |  11   6  NI | NI
   6  0 |  0   0  0 |  1   0   1 |  1   0   1 |    0    0    0   0 |   0   0   0 | -
   6  1 |  0   1  0 |  1   0   1 |  1   1   0 |    0    0    0   0 |   0   1   1 | -
   6  2 |  0   0  0 |  1   1   0 |  1   0   0 |    0    5    0   0 |   1   3   3 | -
   6  3 |  0   1  0 |  1   1   0 |  1   1   1 |    0    5    0   0 |   1   3   3 | -
   6  4 |  0   0  0 |  1   0   1 |  1   1   0 |    0    0    0   0 |   0   1   1 | -
   6  5 |  0   1  0 |  1   0   1 |  1   0   1 |    0    0    0   0 |   0   0   0 | -
   6  6 |  0   0  0 |  1   1   0 |  1   1   1 |    0    5    0   0 |   1   3   3 | -
   6  7 |  0   1  0 |  1   1   0 |  1   0   0 |    0    5    0   0 |   1   3   3 | -
   7  0 |  1   0  0 |  1   0   1 |  0   0   0 |    0    0    0   0 |   0   0   0 | -
   7  1 |  1   1  1 |  1   0   0 |  0   1   0 |   21   13   13  11 |  11   7  NI | NI
   7  2 |  1   0  0 |  1   1   0 |  0   0   1 |    0    5    0   0 |   1   2   2 | -
   7  3 |  1   1  1 |  1   1   1 |  0   1   0 |   21   13    8  10 |  11   7   3 | ID
   7  4 |  1   0  0 |  1   0   1 |  0   1   1 |    0    0    0   0 |   0   0   0 | -
   7  5 |  1   1  1 |  1   0   0 |  0   0   1 |   21   13   13  11 |  11   6  NI | NI
   7  6 |  1   0  0 |  1   1   0 |  0   1   0 |    0    5    0   0 |   1   3   3 | -
   7  7 |  1   1  1 |  1   1   1 |  0   0   1 |   21   13    8  10 |  11   6   2 | ID

  PAIR TABLE Zp,p=3,De2a  (e,h,g)x3 = (2,1,1)(2,1,1)(1,1,2)  E3=4 Gamma0=16 gamma2=5 gamma3=11 w1P=2 l0=1 l1=1 l1p=0 kappa=-2 ord(zb,z2,z1)=(4,2,2)
   r rp | s3 s3p d3 | s2 s2p s2s | s1 s1p s1s |  S2m  S1m  Dlt   J |  D2  D1 D1n | sep
   0  0 |  0   0  0 |  0   0   0 |  0   0   0 |    0    0    0   0 |   0   0   0 | -
   0  1 |  0   0  0 |  0   1   1 |  0   0   0 |    0    0    0   0 |   0   0   0 | -
   0  2 |  0   0  0 |  0   0   0 |  0   1   1 |    0    0    0   0 |   0   0   0 | -
   0  3 |  0   0  0 |  0   1   1 |  0   1   1 |    0    0    0   0 |   0   0   0 | -
   1  0 |  0   0  0 |  1   0   1 |  0   0   0 |    0    0    0   0 |   0   0   0 | -
   1  1 |  0   0  0 |  1   1   0 |  0   0   1 |    0    5    0   0 |   1   2   2 | -
   1  2 |  0   0  0 |  1   0   1 |  0   1   1 |    0    0    0   0 |   0   0   0 | -
   1  3 |  0   0  0 |  1   1   0 |  0   1   0 |    0    5    0   0 |   1   3   3 | -
   2  0 |  0   0  0 |  0   0   0 |  1   0   1 |    0    0    0   0 |   0   0   0 | -
   2  1 |  0   0  0 |  0   1   1 |  1   0   1 |    0    0    0   0 |   0   0   0 | -
   2  2 |  0   0  0 |  0   0   0 |  1   1   0 |    0    0    0   0 |   0   1   1 | -
   2  3 |  0   0  0 |  0   1   1 |  1   1   0 |    0    0    0   0 |   0   1   1 | -
   3  0 |  0   0  0 |  1   0   1 |  1   0   1 |    0    0    0   0 |   0   0   0 | -
   3  1 |  0   0  0 |  1   1   0 |  1   0   0 |    0    5    0   0 |   1   3   3 | -
   3  2 |  0   0  0 |  1   0   1 |  1   1   0 |    0    0    0   0 |   0   1   1 | -
   3  3 |  0   0  0 |  1   1   0 |  1   1   1 |    0    5    0   0 |   1   3   3 | -

  PAIR TABLE Zp,p=3,De1a  (e,h,g)x3 = (2,1,1)(1,1,2)(2,1,1)  E3=4 Gamma0=24 gamma2=3 gamma3=13 w1P=2 l0=1 l1=0 l1p=1 kappa=1 ord(zb,z2,z1)=(1,8,2)
   r rp | s3 s3p d3 | s2 s2p s2s | s1 s1p s1s |  S2m  S1m  Dlt   J |  D2  D1 D1n | sep
   0  0 |  0   0  0 |  0   0   0 |  0   0   0 |    0    0    0   0 |   0   0   0 | -
   0  1 |  0   1  0 |  0   0   0 |  0   0   0 |    0    0    0   0 |   0   0   0 | -
   0  2 |  0   0  0 |  0   0   0 |  0   1   1 |    0    0    0   0 |   0   0   0 | -
   0  3 |  0   1  0 |  0   0   0 |  0   1   1 |    0    0    0   0 |   0   0   0 | -
   1  0 |  1   0  0 |  0   0   0 |  0   0   0 |    0    0    0   0 |   0   0   0 | -
   1  1 |  1   1  1 |  0   0   0 |  0   0   1 |   13   13   13   0 |   0   6  NI | NI
   1  2 |  1   0  0 |  0   0   0 |  0   1   1 |    0    0    0   0 |   0   0   0 | -
   1  3 |  1   1  1 |  0   0   0 |  0   1   0 |   13   13   13   0 |   0   7  NI | NI
   2  0 |  0   0  0 |  0   0   0 |  1   0   1 |    0    0    0   0 |   0   0   0 | -
   2  1 |  0   1  0 |  0   0   0 |  1   0   1 |    0    0    0   0 |   0   0   0 | -
   2  2 |  0   0  0 |  0   0   0 |  1   1   0 |    0    0    0   0 |   0   1   1 | -
   2  3 |  0   1  0 |  0   0   0 |  1   1   0 |    0    0    0   0 |   0   1   1 | -
   3  0 |  1   0  0 |  0   0   0 |  1   0   1 |    0    0    0   0 |   0   0   0 | -
   3  1 |  1   1  1 |  0   0   0 |  1   0   0 |   13   13   13   0 |   0   7  NI | NI
   3  2 |  1   0  0 |  0   0   0 |  1   1   0 |    0    0    0   0 |   0   1   1 | -
   3  3 |  1   1  1 |  0   0   0 |  1   1   1 |   13   13   13   0 |   0   7  NI | NI

  PAIR TABLE Zp,p=3,De0a  (e,h,g)x3 = (1,1,2)(2,1,1)(2,1,1)  E3=4 Gamma0=36 gamma2=5 gamma3=21 w1P=2 l0=0 l1=1 l1p=0 kappa=-2 ord(zb,z2,z1)=(1,2,8)
   r rp | s3 s3p d3 | s2 s2p s2s | s1 s1p s1s |  S2m  S1m  Dlt   J |  D2  D1 D1n | sep
   0  0 |  0   0  0 |  0   0   0 |  0   0   0 |    0    0    0   0 |   0   0   0 | -
   0  1 |  0   1  0 |  0   0   0 |  0   0   0 |    0    0    0   0 |   0   0   0 | -
   0  2 |  0   0  0 |  0   1   1 |  0   0   0 |    0    0    0   0 |   0   0   0 | -
   0  3 |  0   1  0 |  0   1   1 |  0   0   0 |    0    0    0   0 |   0   0   0 | -
   1  0 |  1   0  0 |  0   0   0 |  0   0   0 |    0    0    0   0 |   0   0   0 | -
   1  1 |  1   1  1 |  0   0   1 |  0   0   0 |   21    8    8  10 |  10   0   0 | -
   1  2 |  1   0  0 |  0   1   1 |  0   0   0 |    0    0    0   0 |   0   0   0 | -
   1  3 |  1   1  1 |  0   1   0 |  0   0   0 |   21   13   13  11 |  11   0   0 | -
   2  0 |  0   0  0 |  1   0   1 |  0   0   0 |    0    0    0   0 |   0   0   0 | -
   2  1 |  0   1  0 |  1   0   1 |  0   0   0 |    0    0    0   0 |   0   0   0 | -
   2  2 |  0   0  0 |  1   1   0 |  0   0   0 |    0    5    0   0 |   1   0   0 | -
   2  3 |  0   1  0 |  1   1   0 |  0   0   0 |    0    5    0   0 |   1   0   0 | -
   3  0 |  1   0  0 |  1   0   1 |  0   0   0 |    0    0    0   0 |   0   0   0 | -
   3  1 |  1   1  1 |  1   0   0 |  0   0   0 |   21   13   13  11 |  11   0   0 | -
   3  2 |  1   0  0 |  1   1   0 |  0   0   0 |    0    5    0   0 |   1   0   0 | -
   3  3 |  1   1  1 |  1   1   1 |  0   0   0 |   21   13    8  10 |  11   0   0 | -

  PAIR TABLE Zp,p=3,De2b  (e,h,g)x3 = (2,1,1)(3,1,1)(1,1,2)  E3=6 Gamma0=30 gamma2=7 gamma3=22 w1P=2 l0=1 l1=1 l1p=0 kappa=-2 ord(zb,z2,z1)=(4,2,2)
   r rp | s3 s3p d3 | s2 s2p s2s | s1 s1p s1s |  S2m  S1m  Dlt   J |  D2  D1 D1n | sep
   0  0 |  0   0  0 |  0   0   0 |  0   0   0 |    0    0    0   0 |   0   0   0 | -
   0  1 |  0   0  0 |  0   1   1 |  0   0   0 |    0    0    0   0 |   0   0   0 | -
   0  2 |  0   0  0 |  0   2   2 |  0   0   0 |    0    0    0   0 |   0   0   0 | -
   0  3 |  0   0  0 |  0   0   0 |  0   1   1 |    0    0    0   0 |   0   0   0 | -
   0  4 |  0   0  0 |  0   1   1 |  0   1   1 |    0    0    0   0 |   0   0   0 | -
   0  5 |  0   0  0 |  0   2   2 |  0   1   1 |    0    0    0   0 |   0   0   0 | -
   1  0 |  0   0  0 |  1   0   1 |  0   0   0 |    0    0    0   0 |   0   0   0 | -
   1  1 |  0   0  0 |  1   1   2 |  0   0   0 |    0    0    0   0 |   0   0   0 | -
   1  2 |  0   0  0 |  1   2   0 |  0   0   1 |    0    7    0   0 |   1   3   3 | -
   1  3 |  0   0  0 |  1   0   1 |  0   1   1 |    0    0    0   0 |   0   0   0 | -
   1  4 |  0   0  0 |  1   1   2 |  0   1   1 |    0    0    0   0 |   0   0   0 | -
   1  5 |  0   0  0 |  1   2   0 |  0   1   0 |    0    7    0   0 |   1   4   4 | -
   2  0 |  0   0  0 |  2   0   2 |  0   0   0 |    0    0    0   0 |   0   0   0 | -
   2  1 |  0   0  0 |  2   1   0 |  0   0   1 |    0    7    0   0 |   1   3   3 | -
   2  2 |  0   0  0 |  2   2   1 |  0   0   1 |    0    7    0   0 |   1   3   3 | -
   2  3 |  0   0  0 |  2   0   2 |  0   1   1 |    0    0    0   0 |   0   0   0 | -
   2  4 |  0   0  0 |  2   1   0 |  0   1   0 |    0    7    0   0 |   1   4   4 | -
   2  5 |  0   0  0 |  2   2   1 |  0   1   0 |    0    7    0   0 |   1   4   4 | -
   3  0 |  0   0  0 |  0   0   0 |  1   0   1 |    0    0    0   0 |   0   0   0 | -
   3  1 |  0   0  0 |  0   1   1 |  1   0   1 |    0    0    0   0 |   0   0   0 | -
   3  2 |  0   0  0 |  0   2   2 |  1   0   1 |    0    0    0   0 |   0   0   0 | -
   3  3 |  0   0  0 |  0   0   0 |  1   1   0 |    0    0    0   0 |   0   1   1 | -
   3  4 |  0   0  0 |  0   1   1 |  1   1   0 |    0    0    0   0 |   0   1   1 | -
   3  5 |  0   0  0 |  0   2   2 |  1   1   0 |    0    0    0   0 |   0   1   1 | -
   4  0 |  0   0  0 |  1   0   1 |  1   0   1 |    0    0    0   0 |   0   0   0 | -
   4  1 |  0   0  0 |  1   1   2 |  1   0   1 |    0    0    0   0 |   0   0   0 | -
   4  2 |  0   0  0 |  1   2   0 |  1   0   0 |    0    7    0   0 |   1   4   4 | -
   4  3 |  0   0  0 |  1   0   1 |  1   1   0 |    0    0    0   0 |   0   1   1 | -
   4  4 |  0   0  0 |  1   1   2 |  1   1   0 |    0    0    0   0 |   0   1   1 | -
   4  5 |  0   0  0 |  1   2   0 |  1   1   1 |    0    7    0   0 |   1   4   4 | -
   5  0 |  0   0  0 |  2   0   2 |  1   0   1 |    0    0    0   0 |   0   0   0 | -
   5  1 |  0   0  0 |  2   1   0 |  1   0   0 |    0    7    0   0 |   1   4   4 | -
   5  2 |  0   0  0 |  2   2   1 |  1   0   0 |    0    7    0   0 |   1   4   4 | -
   5  3 |  0   0  0 |  2   0   2 |  1   1   0 |    0    0    0   0 |   0   1   1 | -
   5  4 |  0   0  0 |  2   1   0 |  1   1   1 |    0    7    0   0 |   1   4   4 | -
   5  5 |  0   0  0 |  2   2   1 |  1   1   1 |    0    7    0   0 |   1   4   4 | -

  PAIR TABLE Zp,p=3,De1b  (e,h,g)x3 = (3,1,1)(1,1,2)(2,1,1)  E3=6 Gamma0=36 gamma2=4 gamma3=17 w1P=3 l0=1 l1=0 l1p=1 kappa=1 ord(zb,z2,z1)=(1,8,2)
   r rp | s3 s3p d3 | s2 s2p s2s | s1 s1p s1s |  S2m  S1m  Dlt   J |  D2  D1 D1n | sep
   0  0 |  0   0  0 |  0   0   0 |  0   0   0 |    0    0    0   0 |   0   0   0 | -
   0  1 |  0   1  0 |  0   0   0 |  0   1   1 |    0    0    0   0 |   0   0   0 | -
   0  2 |  0   0  0 |  0   0   0 |  0   1   1 |    0    0    0   0 |   0   0   0 | -
   0  3 |  0   1  0 |  0   0   0 |  0   2   2 |    0    0    0   0 |   0   0   0 | -
   0  4 |  0   0  0 |  0   0   0 |  0   2   2 |    0    0    0   0 |   0   0   0 | -
   0  5 |  0   1  0 |  0   0   0 |  0   0   0 |    0    0    0   0 |   0   0   0 | -
   1  0 |  1   0  0 |  0   0   0 |  1   0   1 |    0    0    0   0 |   0   0   0 | -
   1  1 |  1   1  1 |  0   0   0 |  1   1   1 |   17   17   17   0 |   0   6  NI | NI
   1  2 |  1   0  0 |  0   0   0 |  1   1   2 |    0    0    0   0 |   0   0   0 | -
   1  3 |  1   1  1 |  0   0   0 |  1   2   2 |   17   17   17   0 |   0   6  NI | NI
   1  4 |  1   0  0 |  0   0   0 |  1   2   0 |    0    0    0   0 |   0   1   1 | -
   1  5 |  1   1  1 |  0   0   0 |  1   0   0 |   17   17   17   0 |   0   6  NI | NI
   2  0 |  0   0  0 |  0   0   0 |  1   0   1 |    0    0    0   0 |   0   0   0 | -
   2  1 |  0   1  0 |  0   0   0 |  1   1   2 |    0    0    0   0 |   0   0   0 | -
   2  2 |  0   0  0 |  0   0   0 |  1   1   2 |    0    0    0   0 |   0   0   0 | -
   2  3 |  0   1  0 |  0   0   0 |  1   2   0 |    0    0    0   0 |   0   1   1 | -
   2  4 |  0   0  0 |  0   0   0 |  1   2   0 |    0    0    0   0 |   0   1   1 | -
   2  5 |  0   1  0 |  0   0   0 |  1   0   1 |    0    0    0   0 |   0   0   0 | -
   3  0 |  1   0  0 |  0   0   0 |  2   0   2 |    0    0    0   0 |   0   0   0 | -
   3  1 |  1   1  1 |  0   0   0 |  2   1   2 |   17   17   17   0 |   0   6  NI | NI
   3  2 |  1   0  0 |  0   0   0 |  2   1   0 |    0    0    0   0 |   0   1   1 | -
   3  3 |  1   1  1 |  0   0   0 |  2   2   0 |   17   17   17   0 |   0   7  NI | NI
   3  4 |  1   0  0 |  0   0   0 |  2   2   1 |    0    0    0   0 |   0   1   1 | -
   3  5 |  1   1  1 |  0   0   0 |  2   0   1 |   17   17   17   0 |   0   6  NI | NI
   4  0 |  0   0  0 |  0   0   0 |  2   0   2 |    0    0    0   0 |   0   0   0 | -
   4  1 |  0   1  0 |  0   0   0 |  2   1   0 |    0    0    0   0 |   0   1   1 | -
   4  2 |  0   0  0 |  0   0   0 |  2   1   0 |    0    0    0   0 |   0   1   1 | -
   4  3 |  0   1  0 |  0   0   0 |  2   2   1 |    0    0    0   0 |   0   1   1 | -
   4  4 |  0   0  0 |  0   0   0 |  2   2   1 |    0    0    0   0 |   0   1   1 | -
   4  5 |  0   1  0 |  0   0   0 |  2   0   2 |    0    0    0   0 |   0   0   0 | -
   5  0 |  1   0  0 |  0   0   0 |  0   0   0 |    0    0    0   0 |   0   0   0 | -
   5  1 |  1   1  1 |  0   0   0 |  0   1   0 |   17   17   17   0 |   0   6  NI | NI
   5  2 |  1   0  0 |  0   0   0 |  0   1   1 |    0    0    0   0 |   0   0   0 | -
   5  3 |  1   1  1 |  0   0   0 |  0   2   1 |   17   17   17   0 |   0   6  NI | NI
   5  4 |  1   0  0 |  0   0   0 |  0   2   2 |    0    0    0   0 |   0   0   0 | -
   5  5 |  1   1  1 |  0   0   0 |  0   0   2 |   17   17   17   0 |   0   5  NI | NI

  PAIR TABLE Zp,p=3,De0b  (e,h,g)x3 = (1,1,2)(2,1,1)(3,1,1)  E3=6 Gamma0=84 gamma2=5 gamma3=31 w1P=2 l0=0 l1=1 l1p=0 kappa=-2 ord(zb,z2,z1)=(1,2,8)
   r rp | s3 s3p d3 | s2 s2p s2s | s1 s1p s1s |  S2m  S1m  Dlt   J |  D2  D1 D1n | sep
   0  0 |  0   0  0 |  0   0   0 |  0   0   0 |    0    0    0   0 |   0   0   0 | -
   0  1 |  0   1  0 |  0   0   0 |  0   0   0 |    0    0    0   0 |   0   0   0 | -
   0  2 |  0   2  0 |  0   0   0 |  0   0   0 |    0    0    0   0 |   0   0   0 | -
   0  3 |  0   0  0 |  0   1   1 |  0   0   0 |    0    0    0   0 |   0   0   0 | -
   0  4 |  0   1  0 |  0   1   1 |  0   0   0 |    0    0    0   0 |   0   0   0 | -
   0  5 |  0   2  0 |  0   1   1 |  0   0   0 |    0    0    0   0 |   0   0   0 | -
   1  0 |  1   0  0 |  0   0   0 |  0   0   0 |    0    0    0   0 |   0   0   0 | -
   1  1 |  1   1  0 |  0   0   0 |  0   0   0 |    0    0    0   0 |   0   0   0 | -
   1  2 |  1   2  1 |  0   0   1 |  0   0   0 |   31   13   13  15 |  15   0   0 | -
   1  3 |  1   0  0 |  0   1   1 |  0   0   0 |    0    0    0   0 |   0   0   0 | -
   1  4 |  1   1  0 |  0   1   1 |  0   0   0 |    0    0    0   0 |   0   0   0 | -
   1  5 |  1   2  1 |  0   1   0 |  0   0   0 |   31   18   18  16 |  16   0   0 | -
   2  0 |  2   0  0 |  0   0   0 |  0   0   0 |    0    0    0   0 |   0   0   0 | -
   2  1 |  2   1  1 |  0   0   1 |  0   0   0 |   31   13   13  15 |  15   0   0 | -
   2  2 |  2   2  1 |  0   0   1 |  0   0   0 |   31   13   13  15 |  15   0   0 | -
   2  3 |  2   0  0 |  0   1   1 |  0   0   0 |    0    0    0   0 |   0   0   0 | -
   2  4 |  2   1  1 |  0   1   0 |  0   0   0 |   31   18   18  16 |  16   0   0 | -
   2  5 |  2   2  1 |  0   1   0 |  0   0   0 |   31   18   18  16 |  16   0   0 | -
   3  0 |  0   0  0 |  1   0   1 |  0   0   0 |    0    0    0   0 |   0   0   0 | -
   3  1 |  0   1  0 |  1   0   1 |  0   0   0 |    0    0    0   0 |   0   0   0 | -
   3  2 |  0   2  0 |  1   0   1 |  0   0   0 |    0    0    0   0 |   0   0   0 | -
   3  3 |  0   0  0 |  1   1   0 |  0   0   0 |    0    5    0   0 |   1   0   0 | -
   3  4 |  0   1  0 |  1   1   0 |  0   0   0 |    0    5    0   0 |   1   0   0 | -
   3  5 |  0   2  0 |  1   1   0 |  0   0   0 |    0    5    0   0 |   1   0   0 | -
   4  0 |  1   0  0 |  1   0   1 |  0   0   0 |    0    0    0   0 |   0   0   0 | -
   4  1 |  1   1  0 |  1   0   1 |  0   0   0 |    0    0    0   0 |   0   0   0 | -
   4  2 |  1   2  1 |  1   0   0 |  0   0   0 |   31   18   18  16 |  16   0   0 | -
   4  3 |  1   0  0 |  1   1   0 |  0   0   0 |    0    5    0   0 |   1   0   0 | -
   4  4 |  1   1  0 |  1   1   0 |  0   0   0 |    0    5    0   0 |   1   0   0 | -
   4  5 |  1   2  1 |  1   1   1 |  0   0   0 |   31   18   13  15 |  16   0   0 | -
   5  0 |  2   0  0 |  1   0   1 |  0   0   0 |    0    0    0   0 |   0   0   0 | -
   5  1 |  2   1  1 |  1   0   0 |  0   0   0 |   31   18   18  16 |  16   0   0 | -
   5  2 |  2   2  1 |  1   0   0 |  0   0   0 |   31   18   18  16 |  16   0   0 | -
   5  3 |  2   0  0 |  1   1   0 |  0   0   0 |    0    5    0   0 |   1   0   0 | -
   5  4 |  2   1  1 |  1   1   1 |  0   0   0 |   31   18   13  15 |  16   0   0 | -
   5  5 |  2   2  1 |  1   1   1 |  0   0   0 |   31   18   13  15 |  16   0   0 | -

  PAIR TABLE Zp,p=3,De0e1  (e,h,g)x3 = (1,1,2)(1,1,2)(4,3,1)  E3=4 Gamma0=88 gamma2=3 gamma3=27 w1P=2 l0=0 l1=0 l1p=1 kappa=1 ord(zb,z2,z1)=(1,5,8)
   r rp | s3 s3p d3 | s2 s2p s2s | s1 s1p s1s |  S2m  S1m  Dlt   J |  D2  D1 D1n | sep
   0  0 |  0   0  0 |  0   0   0 |  0   0   0 |    0    0    0   0 |   0   0   0 | -
   0  1 |  0   3  0 |  0   0   0 |  0   0   0 |    0    0    0   0 |   0   0   0 | -
   0  2 |  0   2  0 |  0   0   0 |  0   0   0 |    0    0    0   0 |   0   0   0 | -
   0  3 |  0   1  0 |  0   0   0 |  0   0   0 |    0    0    0   0 |   0   0   0 | -
   1  0 |  3   0  0 |  0   0   0 |  0   0   0 |    0    0    0   0 |   0   0   0 | -
   1  1 |  3   3  1 |  0   0   0 |  0   0   0 |   27   27   27   0 |   0   0   0 | -
   1  2 |  3   2  1 |  0   0   0 |  0   0   0 |   27   27   27   0 |   0   0   0 | -
   1  3 |  3   1  1 |  0   0   0 |  0   0   0 |   27   27   27   0 |   0   0   0 | -
   2  0 |  2   0  0 |  0   0   0 |  0   0   0 |    0    0    0   0 |   0   0   0 | -
   2  1 |  2   3  1 |  0   0   0 |  0   0   0 |   27   27   27   0 |   0   0   0 | -
   2  2 |  2   2  1 |  0   0   0 |  0   0   0 |   27   27   27   0 |   0   0   0 | -
   2  3 |  2   1  0 |  0   0   0 |  0   0   0 |    0    0    0   0 |   0   0   0 | -
   3  0 |  1   0  0 |  0   0   0 |  0   0   0 |    0    0    0   0 |   0   0   0 | -
   3  1 |  1   3  1 |  0   0   0 |  0   0   0 |   27   27   27   0 |   0   0   0 | -
   3  2 |  1   2  0 |  0   0   0 |  0   0   0 |    0    0    0   0 |   0   0   0 | -
   3  3 |  1   1  0 |  0   0   0 |  0   0   0 |    0    0    0   0 |   0   0   0 | -

  PAIR TABLE Zp,p=3,De0e2  (e,h,g)x3 = (1,1,2)(4,3,1)(1,1,2)  E3=4 Gamma0=40 gamma2=11 gamma3=45 w1P=2 l0=0 l1=3 l1p=-2 kappa=-8 ord(zb,z2,z1)=(10,2,8)
   r rp | s3 s3p d3 | s2 s2p s2s | s1 s1p s1s |  S2m  S1m  Dlt   J |  D2  D1 D1n | sep
   0  0 |  0   0  0 |  0   0   0 |  0   0   0 |    0    0    0   0 |   0   0   0 | -
   0  1 |  0   0  0 |  0   3   3 |  0   0   0 |    0    0    0   0 |   0   0   0 | -
   0  2 |  0   0  0 |  0   2   2 |  0   0   0 |    0    0    0   0 |   0   0   0 | -
   0  3 |  0   0  0 |  0   1   1 |  0   0   0 |    0    0    0   0 |   0   0   0 | -
   1  0 |  0   0  0 |  3   0   3 |  0   0   0 |    0    0    0   0 |   0   0   0 | -
   1  1 |  0   0  0 |  3   3   2 |  0   0   0 |    0   11    0   0 |   1   0   0 | -
   1  2 |  0   0  0 |  3   2   1 |  0   0   0 |    0   11    0   0 |   1   0   0 | -
   1  3 |  0   0  0 |  3   1   0 |  0   0   0 |    0   11    0   0 |   1   0   0 | -
   2  0 |  0   0  0 |  2   0   2 |  0   0   0 |    0    0    0   0 |   0   0   0 | -
   2  1 |  0   0  0 |  2   3   1 |  0   0   0 |    0   11    0   0 |   1   0   0 | -
   2  2 |  0   0  0 |  2   2   0 |  0   0   0 |    0   11    0   0 |   1   0   0 | -
   2  3 |  0   0  0 |  2   1   3 |  0   0   0 |    0    0    0   0 |   0   0   0 | -
   3  0 |  0   0  0 |  1   0   1 |  0   0   0 |    0    0    0   0 |   0   0   0 | -
   3  1 |  0   0  0 |  1   3   0 |  0   0   0 |    0   11    0   0 |   1   0   0 | -
   3  2 |  0   0  0 |  1   2   3 |  0   0   0 |    0    0    0   0 |   0   0   0 | -
   3  3 |  0   0  0 |  1   1   2 |  0   0   0 |    0    0    0   0 |   0   0   0 | -

  PAIR TABLE Zp,p=3,De1e2  (e,h,g)x3 = (4,3,1)(1,1,2)(1,1,2)  E3=4 Gamma0=40 gamma2=13 gamma3=27 w1P=12 l0=3 l1=0 l1p=1 kappa=1 ord(zb,z2,z1)=(10,8,2)
   r rp | s3 s3p d3 | s2 s2p s2s | s1 s1p s1s |  S2m  S1m  Dlt   J |  D2  D1 D1n | sep
   0  0 |  0   0  0 |  0   0   0 |  0   0   0 |    0    0    0   0 |   0   0   0 | -
   0  1 |  0   0  0 |  0   0   0 |  0   3   3 |    0    0    0   0 |   0   0   0 | -
   0  2 |  0   0  0 |  0   0   0 |  0   2   2 |    0    0    0   0 |   0   0   0 | -
   0  3 |  0   0  0 |  0   0   0 |  0   1   1 |    0    0    0   0 |   0   0   0 | -
   1  0 |  0   0  0 |  0   0   0 |  3   0   3 |    0    0    0   0 |   0   0   0 | -
   1  1 |  0   0  0 |  0   0   0 |  3   3   2 |    0    0    0   0 |   0   1   1 | -
   1  2 |  0   0  0 |  0   0   0 |  3   2   1 |    0    0    0   0 |   0   1   1 | -
   1  3 |  0   0  0 |  0   0   0 |  3   1   0 |    0    0    0   0 |   0   1   1 | -
   2  0 |  0   0  0 |  0   0   0 |  2   0   2 |    0    0    0   0 |   0   0   0 | -
   2  1 |  0   0  0 |  0   0   0 |  2   3   1 |    0    0    0   0 |   0   1   1 | -
   2  2 |  0   0  0 |  0   0   0 |  2   2   0 |    0    0    0   0 |   0   1   1 | -
   2  3 |  0   0  0 |  0   0   0 |  2   1   3 |    0    0    0   0 |   0   0   0 | -
   3  0 |  0   0  0 |  0   0   0 |  1   0   1 |    0    0    0   0 |   0   0   0 | -
   3  1 |  0   0  0 |  0   0   0 |  1   3   0 |    0    0    0   0 |   0   1   1 | -
   3  2 |  0   0  0 |  0   0   0 |  1   2   3 |    0    0    0   0 |   0   0   0 | -
   3  3 |  0   0  0 |  0   0   0 |  1   1   2 |    0    0    0   0 |   0   0   0 | -

  PAIR TABLE Zp,p=3,FULLg2  (e,h,g)x3 = (2,1,1)(2,1,1)(2,1,2)  E3=8 Gamma0=48 gamma2=5 gamma3=21 w1P=2 l0=1 l1=1 l1p=0 kappa=-2 ord(zb,z2,z1)=(4,2,2)
   r rp | s3 s3p d3 | s2 s2p s2s | s1 s1p s1s |  S2m  S1m  Dlt   J |  D2  D1 D1n | sep
   0  0 |  0   0  0 |  0   0   0 |  0   0   0 |    0    0    0   0 |   0   0   0 | -
   0  1 |  0   1  0 |  0   0   0 |  0   1   1 |    0    0    0   0 |   0   0   0 | -
   0  2 |  0   0  0 |  0   1   1 |  0   0   0 |    0    0    0   0 |   0   0   0 | -
   0  3 |  0   1  0 |  0   1   1 |  0   1   1 |    0    0    0   0 |   0   0   0 | -
   0  4 |  0   0  0 |  0   0   0 |  0   1   1 |    0    0    0   0 |   0   0   0 | -
   0  5 |  0   1  0 |  0   0   0 |  0   0   0 |    0    0    0   0 |   0   0   0 | -
   0  6 |  0   0  0 |  0   1   1 |  0   1   1 |    0    0    0   0 |   0   0   0 | -
   0  7 |  0   1  0 |  0   1   1 |  0   0   0 |    0    0    0   0 |   0   0   0 | -
   1  0 |  1   0  0 |  0   0   0 |  1   0   1 |    0    0    0   0 |   0   0   0 | -
   1  1 |  1   1  1 |  0   0   1 |  1   1   0 |   21    8    8  10 |  10   5   1 | ID
   1  2 |  1   0  0 |  0   1   1 |  1   0   1 |    0    0    0   0 |   0   0   0 | -
   1  3 |  1   1  1 |  0   1   0 |  1   1   1 |   21   13   13  11 |  11   7  NI | NI
   1  4 |  1   0  0 |  0   0   0 |  1   1   0 |    0    0    0   0 |   0   1   1 | -
   1  5 |  1   1  1 |  0   0   1 |  1   0   1 |   21    8    8  10 |  10   4   0 | ID
   1  6 |  1   0  0 |  0   1   1 |  1   1   0 |    0    0    0   0 |   0   1   1 | -
   1  7 |  1   1  1 |  0   1   0 |  1   0   0 |   21   13   13  11 |  11   7  NI | NI
   2  0 |  0   0  0 |  1   0   1 |  0   0   0 |    0    0    0   0 |   0   0   0 | -
   2  1 |  0   1  0 |  1   0   1 |  0   1   1 |    0    0    0   0 |   0   0   0 | -
   2  2 |  0   0  0 |  1   1   0 |  0   0   1 |    0    5    0   0 |   1   2   2 | -
   2  3 |  0   1  0 |  1   1   0 |  0   1   0 |    0    5    0   0 |   1   3   3 | -
   2  4 |  0   0  0 |  1   0   1 |  0   1   1 |    0    0    0   0 |   0   0   0 | -
   2  5 |  0   1  0 |  1   0   1 |  0   0   0 |    0    0    0   0 |   0   0   0 | -
   2  6 |  0   0  0 |  1   1   0 |  0   1   0 |    0    5    0   0 |   1   3   3 | -
   2  7 |  0   1  0 |  1   1   0 |  0   0   1 |    0    5    0   0 |   1   2   2 | -
   3  0 |  1   0  0 |  1   0   1 |  1   0   1 |    0    0    0   0 |   0   0   0 | -
   3  1 |  1   1  1 |  1   0   0 |  1   1   1 |   21   13   13  11 |  11   7  NI | NI
   3  2 |  1   0  0 |  1   1   0 |  1   0   0 |    0    5    0   0 |   1   3   3 | -
   3  3 |  1   1  1 |  1   1   1 |  1   1   1 |   21   13    8  10 |  11   7   3 | ID
   3  4 |  1   0  0 |  1   0   1 |  1   1   0 |    0    0    0   0 |   0   1   1 | -
   3  5 |  1   1  1 |  1   0   0 |  1   0   0 |   21   13   13  11 |  11   7  NI | NI
   3  6 |  1   0  0 |  1   1   0 |  1   1   1 |    0    5    0   0 |   1   3   3 | -
   3  7 |  1   1  1 |  1   1   1 |  1   0   0 |   21   13    8  10 |  11   7   3 | ID
   4  0 |  0   0  0 |  0   0   0 |  1   0   1 |    0    0    0   0 |   0   0   0 | -
   4  1 |  0   1  0 |  0   0   0 |  1   1   0 |    0    0    0   0 |   0   1   1 | -
   4  2 |  0   0  0 |  0   1   1 |  1   0   1 |    0    0    0   0 |   0   0   0 | -
   4  3 |  0   1  0 |  0   1   1 |  1   1   0 |    0    0    0   0 |   0   1   1 | -
   4  4 |  0   0  0 |  0   0   0 |  1   1   0 |    0    0    0   0 |   0   1   1 | -
   4  5 |  0   1  0 |  0   0   0 |  1   0   1 |    0    0    0   0 |   0   0   0 | -
   4  6 |  0   0  0 |  0   1   1 |  1   1   0 |    0    0    0   0 |   0   1   1 | -
   4  7 |  0   1  0 |  0   1   1 |  1   0   1 |    0    0    0   0 |   0   0   0 | -
   5  0 |  1   0  0 |  0   0   0 |  0   0   0 |    0    0    0   0 |   0   0   0 | -
   5  1 |  1   1  1 |  0   0   1 |  0   1   1 |   21    8    8  10 |  10   4   0 | ID
   5  2 |  1   0  0 |  0   1   1 |  0   0   0 |    0    0    0   0 |   0   0   0 | -
   5  3 |  1   1  1 |  0   1   0 |  0   1   0 |   21   13   13  11 |  11   7  NI | NI
   5  4 |  1   0  0 |  0   0   0 |  0   1   1 |    0    0    0   0 |   0   0   0 | -
   5  5 |  1   1  1 |  0   0   1 |  0   0   0 |   21    8    8  10 |  10   4   0 | ID
   5  6 |  1   0  0 |  0   1   1 |  0   1   1 |    0    0    0   0 |   0   0   0 | -
   5  7 |  1   1  1 |  0   1   0 |  0   0   1 |   21   13   13  11 |  11   6  NI | NI
   6  0 |  0   0  0 |  1   0   1 |  1   0   1 |    0    0    0   0 |   0   0   0 | -
   6  1 |  0   1  0 |  1   0   1 |  1   1   0 |    0    0    0   0 |   0   1   1 | -
   6  2 |  0   0  0 |  1   1   0 |  1   0   0 |    0    5    0   0 |   1   3   3 | -
   6  3 |  0   1  0 |  1   1   0 |  1   1   1 |    0    5    0   0 |   1   3   3 | -
   6  4 |  0   0  0 |  1   0   1 |  1   1   0 |    0    0    0   0 |   0   1   1 | -
   6  5 |  0   1  0 |  1   0   1 |  1   0   1 |    0    0    0   0 |   0   0   0 | -
   6  6 |  0   0  0 |  1   1   0 |  1   1   1 |    0    5    0   0 |   1   3   3 | -
   6  7 |  0   1  0 |  1   1   0 |  1   0   0 |    0    5    0   0 |   1   3   3 | -
   7  0 |  1   0  0 |  1   0   1 |  0   0   0 |    0    0    0   0 |   0   0   0 | -
   7  1 |  1   1  1 |  1   0   0 |  0   1   0 |   21   13   13  11 |  11   7  NI | NI
   7  2 |  1   0  0 |  1   1   0 |  0   0   1 |    0    5    0   0 |   1   2   2 | -
   7  3 |  1   1  1 |  1   1   1 |  0   1   0 |   21   13    8  10 |  11   7   3 | ID
   7  4 |  1   0  0 |  1   0   1 |  0   1   1 |    0    0    0   0 |   0   0   0 | -
   7  5 |  1   1  1 |  1   0   0 |  0   0   1 |   21   13   13  11 |  11   6  NI | NI
   7  6 |  1   0  0 |  1   1   0 |  0   1   0 |    0    5    0   0 |   1   3   3 | -
   7  7 |  1   1  1 |  1   1   1 |  0   0   1 |   21   13    8  10 |  11   6   2 | ID

==============================================================================
PART B: ONE-PARAMETER RAMPS (Zp, p=3, d0=1) — exact first differences

-- RAMP e2: 4 towers --
  Re2_(2,1,1)(2,1,1)(1,1,1) 221 E3= 4 g=111 | g2c=  5 g3c=  11 l0=1 l1=1 kap=  -2 TB=  -22 | prs= 16 d3+=  0 NI=  0 ID=  0 FD=  0 | gJK= none J[] | cmp0=0 s2id0=0 r0=0
           e2=1 RECOVERY: split-id bad=0 measured-tie bad=0 law-tie bad=0
  Re2_(2,1,1)(2,1,1)(2,1,1) 222 E3= 8 g=111 | g2c=  5 g3c=  21 l0=1 l1=1 kap=  -2 TB=  -42 | prs= 64 d3+= 16 NI=  8 ID=  8 FD=  0 | gJK=  -42 J[10, 11] | cmp0=0 s2id0=0 r0=0
  Re2_(2,1,1)(2,1,1)(3,1,1) 223 E3=12 g=111 | g2c=  5 g3c=  31 l0=1 l1=1 kap=  -2 TB=  -62 | prs=144 d3+= 48 NI= 24 ID= 24 FD= 24 | gJK=  -62 J[15, 16] | cmp0=0 s2id0=0 r0=0
  Re2_(2,1,1)(2,1,1)(4,1,1) 224 E3=16 g=111 | g2c=  5 g3c=  41 l0=1 l1=1 kap=  -2 TB=  -82 | prs=256 d3+= 96 NI= 48 ID= 48 FD= 48 | gJK=  -82 J[20, 21] | cmp0=0 s2id0=0 r0=0
  SLOPES (first differences along the e2-ramp):
    gamma2: [5, 5, 5, 5]  d1=[0, 0, 0]  d2=[0, 0]
    gamma3: [11, 21, 31, 41]  d1=[10, 10, 10]  d2=[0, 0]
       w2P: [10, 10, 10, 10]  d1=[0, 0, 0]  d2=[0, 0]
     kappa: [-2, -2, -2, -2]  d1=[0, 0, 0]  d2=[0, 0]
        TB: [-22, -42, -62, -82]  d1=[-20, -20, -20]  d2=[0, 0]
    kappa*gamma3 MEASURED (Delta-gamma2*J const on d3=1): [[], -42, -62, -82]

-- RAMP h2: 5 towers --
  Rh2_(2,1,1)(2,1,1)(2,1,1) 222 E3= 8 g=111 | g2c=  5 g3c=  21 l0=1 l1=1 kap=  -2 TB=  -42 | prs= 64 d3+= 16 NI=  8 ID=  8 FD=  0 | gJK=  -42 J[10, 11] | cmp0=0 s2id0=0 r0=0
  Rh2_(2,1,1)(2,1,1)(2,3,1) 222 E3= 8 g=111 | g2c=  5 g3c=  23 l0=1 l1=1 kap=  -2 TB=  -46 | prs= 64 d3+= 16 NI=  8 ID=  8 FD=  8 | gJK=  -46 J[11, 12] | cmp0=0 s2id0=0 r0=0
  Rh2_(2,1,1)(2,1,1)(2,5,1) 222 E3= 8 g=111 | g2c=  5 g3c=  25 l0=1 l1=1 kap=  -2 TB=  -50 | prs= 64 d3+= 16 NI=  8 ID=  8 FD=  8 | gJK=  -50 J[12, 13] | cmp0=0 s2id0=0 r0=0
  Rh2_(2,1,1)(2,1,1)(2,7,1) 222 E3= 8 g=111 | g2c=  5 g3c=  27 l0=1 l1=1 kap=  -2 TB=  -54 | prs= 64 d3+= 16 NI=  8 ID=  8 FD=  0 | gJK=  -54 J[13, 14] | cmp0=0 s2id0=0 r0=0
  Rh2_(2,1,1)(2,1,1)(2,9,1) 222 E3= 8 g=111 | g2c=  5 g3c=  29 l0=1 l1=1 kap=  -2 TB=  -58 | prs= 64 d3+= 16 NI=  8 ID=  8 FD=  0 | gJK=  -58 J[14, 15] | cmp0=0 s2id0=0 r0=0
  SLOPES (first differences along the h2-ramp):
    gamma2: [5, 5, 5, 5, 5]  d1=[0, 0, 0, 0]  d2=[0, 0, 0]
    gamma3: [21, 23, 25, 27, 29]  d1=[2, 2, 2, 2]  d2=[0, 0, 0]
       w2P: [10, 10, 10, 10, 10]  d1=[0, 0, 0, 0]  d2=[0, 0, 0]
     kappa: [-2, -2, -2, -2, -2]  d1=[0, 0, 0, 0]  d2=[0, 0, 0]
        TB: [-42, -46, -50, -54, -58]  d1=[-4, -4, -4, -4]  d2=[0, 0, 0]
    kappa*gamma3 MEASURED (Delta-gamma2*J const on d3=1): [-42, -46, -50, -54, -58]

-- RAMP l1: 5 towers --
  Rl1_(2,1,1)(5,1,1)(2,1,1) 252 E3=20 g=111 | g2c= 11 g3c= 111 l0=1 l1=1 kap=  -2 TB= -222 | prs=400 d3+=100 NI= 20 ID= 80 FD=  0 | gJK= -222 J[22, 23] | cmp0=0 s2id0=0 r0=0
  Rl1_(2,1,1)(5,2,1)(2,1,1) 252 E3=20 g=111 | g2c= 12 g3c= 121 l0=1 l1=3 kap=  -7 TB= -847 | prs=400 d3+=100 NI=100 ID=  0 FD=  0 | gJK= -847 J[72, 73] | cmp0=0 s2id0=0 r0=0
  Rl1_(2,1,1)(5,3,1)(2,1,1) 252 E3=20 g=111 | g2c= 13 g3c= 131 l0=1 l1=2 kap=  -5 TB= -655 | prs=400 d3+=100 NI= 60 ID= 40 FD= 40 | gJK= -655 J[52, 53] | cmp0=0 s2id0=0 r0=0
  Rl1_(2,1,1)(5,4,1)(2,1,1) 252 E3=20 g=111 | g2c= 14 g3c= 141 l0=1 l1=4 kap= -11 TB=-1551 | prs=400 d3+=100 NI=100 ID=  0 FD=  0 | gJK=-1551 J[112, 113] | cmp0=0 s2id0=0 r0=0
  Rl1_(2,1,1)(5,7,1)(2,1,1) 252 E3=20 g=111 | g2c= 17 g3c= 171 l0=1 l1=3 kap= -10 TB=-1710 | prs=400 d3+=100 NI= 60 ID= 40 FD=  0 | gJK=-1710 J[102, 103] | cmp0=0 s2id0=0 r0=0
  SLOPES (first differences along the l1-ramp):
    gamma2: [11, 12, 13, 14, 17]  d1=[1, 1, 1, 3]  d2=[0, 0, 2] NONCONST
    gamma3: [111, 121, 131, 141, 171]  d1=[10, 10, 10, 30]  d2=[0, 0, 20] NONCONST
       w2P: [55, 60, 65, 70, 85]  d1=[5, 5, 5, 15]  d2=[0, 0, 10] NONCONST
     kappa: [-2, -7, -5, -11, -10]  d1=[-5, 2, -6, 1]  d2=[7, -8, 7] NONCONST
        TB: [-222, -847, -655, -1551, -1710]  d1=[-625, 192, -896, -159]  d2=[817, -1088, 737] NONCONST
    kappa*gamma3 MEASURED (Delta-gamma2*J const on d3=1): [-222, -847, -655, -1551, -1710]

-- RAMP h0: 4 towers --
  Rh0_(2,1,1)(2,1,1)(2,1,1) 222 E3= 8 g=111 | g2c=  5 g3c=  21 l0=1 l1=1 kap=  -2 TB=  -42 | prs= 64 d3+= 16 NI=  8 ID=  8 FD=  0 | gJK=  -42 J[10, 11] | cmp0=0 s2id0=0 r0=0
  Rh0_(2,3,1)(2,1,1)(2,1,1) 222 E3= 8 g=111 | g2c= 13 g3c=  53 l0=1 l1=1 kap=  -6 TB= -318 | prs= 64 d3+= 16 NI=  8 ID=  8 FD=  0 | gJK= -318 J[26, 27] | cmp0=0 s2id0=0 r0=0
  Rh0_(2,5,1)(2,1,1)(2,1,1) 222 E3= 8 g=111 | g2c= 21 g3c=  85 l0=1 l1=1 kap= -10 TB= -850 | prs= 64 d3+= 16 NI=  8 ID=  8 FD=  0 | gJK= -850 J[42, 43] | cmp0=0 s2id0=0 r0=0
  Rh0_(2,7,1)(2,1,1)(2,1,1) 222 E3= 8 g=111 | g2c= 29 g3c= 117 l0=1 l1=1 kap= -14 TB=-1638 | prs= 64 d3+= 16 NI=  8 ID=  8 FD=  0 | gJK=-1638 J[58, 59] | cmp0=0 s2id0=0 r0=0
  SLOPES (first differences along the h0-ramp):
    gamma2: [5, 13, 21, 29]  d1=[8, 8, 8]  d2=[0, 0]
    gamma3: [21, 53, 85, 117]  d1=[32, 32, 32]  d2=[0, 0]
       w2P: [10, 26, 42, 58]  d1=[16, 16, 16]  d2=[0, 0]
     kappa: [-2, -6, -10, -14]  d1=[-4, -4, -4]  d2=[0, 0]
        TB: [-42, -318, -850, -1638]  d1=[-276, -532, -788]  d2=[-256, -256] NONCONST
    kappa*gamma3 MEASURED (Delta-gamma2*J const on d3=1): [-42, -318, -850, -1638]

-- RAMP e1: 4 towers --
  Re1_(2,1,1)(1,1,1)(2,1,1) 212 E3= 4 g=111 | g2c=  3 g3c=   7 l0=1 l1=0 kap=   1 TB=    7 | prs= 16 d3+=  4 NI=  4 ID=  0 FD=  0 | gJK=    7 J[0] | cmp0=0 s2id0=0 r0=0
  Re1_(2,1,1)(2,1,1)(2,1,1) 222 E3= 8 g=111 | g2c=  5 g3c=  21 l0=1 l1=1 kap=  -2 TB=  -42 | prs= 64 d3+= 16 NI=  8 ID=  8 FD=  0 | gJK=  -42 J[10, 11] | cmp0=0 s2id0=0 r0=0
  Re1_(2,1,1)(3,1,1)(2,1,1) 232 E3=12 g=111 | g2c=  7 g3c=  43 l0=1 l1=1 kap=  -2 TB=  -86 | prs=144 d3+= 36 NI= 12 ID= 24 FD=  0 | gJK=  -86 J[14, 15] | cmp0=0 s2id0=0 r0=0
  Re1_(2,1,1)(4,1,1)(2,1,1) 242 E3=16 g=111 | g2c=  9 g3c=  73 l0=1 l1=1 kap=  -2 TB= -146 | prs=256 d3+= 64 NI= 16 ID= 48 FD=  0 | gJK= -146 J[18, 19] | cmp0=0 s2id0=0 r0=0
  SLOPES (first differences along the e1-ramp):
    gamma2: [3, 5, 7, 9]  d1=[2, 2, 2]  d2=[0, 0]
    gamma3: [7, 21, 43, 73]  d1=[14, 22, 30]  d2=[8, 8] NONCONST
       w2P: [3, 10, 21, 36]  d1=[7, 11, 15]  d2=[4, 4] NONCONST
     kappa: [1, -2, -2, -2]  d1=[-3, 0, 0]  d2=[3, 0] NONCONST
        TB: [7, -42, -86, -146]  d1=[-49, -44, -60]  d2=[5, -16] NONCONST
    kappa*gamma3 MEASURED (Delta-gamma2*J const on d3=1): [7, -42, -86, -146]

-- RAMP g0: 2 towers --
  Rg0_(2,1,1)(2,1,1)(2,1,1) 222 E3= 8 g=111 | g2c=  5 g3c=  21 l0=1 l1=1 kap=  -2 TB=  -42 | prs= 64 d3+= 16 NI=  8 ID=  8 FD=  0 | gJK=  -42 J[10, 11] | cmp0=0 s2id0=0 r0=0
  Rg0_(2,1,2)(2,1,1)(2,1,1) 222 E3= 8 g=211 | g2c=  9 g3c=  37 l0=1 l1=1 kap=  -4 TB= -148 | prs= 64 d3+= 16 NI=  8 ID=  8 FD=  8 | gJK= -148 J[18, 19] | cmp0=0 s2id0=0 r0=0
  SLOPES (first differences along the g0-ramp):
    gamma2: [5, 9]  d1=[4]  d2=[]
    gamma3: [21, 37]  d1=[16]  d2=[]
       w2P: [10, 18]  d1=[8]  d2=[]
     kappa: [-2, -4]  d1=[-2]  d2=[]
        TB: [-42, -148]  d1=[-106]  d2=[]
    kappa*gamma3 MEASURED (Delta-gamma2*J const on d3=1): [-42, -148]

-- RAMP g1: 2 towers --
  Rg1_(2,1,1)(2,1,1)(2,1,1) 222 E3= 8 g=111 | g2c=  5 g3c=  21 l0=1 l1=1 kap=  -2 TB=  -42 | prs= 64 d3+= 16 NI=  8 ID=  8 FD=  0 | gJK=  -42 J[10, 11] | cmp0=0 s2id0=0 r0=0
  Rg1_(2,1,1)(2,1,2)(2,1,1) 222 E3= 8 g=121 | g2c=  5 g3c=  41 l0=1 l1=1 kap=  -2 TB=  -82 | prs= 64 d3+= 16 NI=  8 ID=  8 FD=  8 | gJK=  -82 J[20, 21] | cmp0=0 s2id0=0 r0=0
  SLOPES (first differences along the g1-ramp):
    gamma2: [5, 5]  d1=[0]  d2=[]
    gamma3: [21, 41]  d1=[20]  d2=[]
       w2P: [10, 20]  d1=[10]  d2=[]
     kappa: [-2, -2]  d1=[0]  d2=[]
        TB: [-42, -82]  d1=[-40]  d2=[]
    kappa*gamma3 MEASURED (Delta-gamma2*J const on d3=1): [-42, -82]

-- RAMP g2: 3 towers --
  Rg2_(2,1,1)(2,1,1)(2,1,1) 222 E3= 8 g=111 | g2c=  5 g3c=  21 l0=1 l1=1 kap=  -2 TB=  -42 | prs= 64 d3+= 16 NI=  8 ID=  8 FD=  0 | gJK=  -42 J[10, 11] | cmp0=0 s2id0=0 r0=0
  Rg2_(2,1,1)(2,1,1)(2,1,2) 222 E3= 8 g=112 | g2c=  5 g3c=  21 l0=1 l1=1 kap=  -2 TB=  -42 | prs= 64 d3+= 16 NI=  8 ID=  8 FD=  0 | gJK=  -42 J[10, 11] | cmp0=0 s2id0=0 r0=0
  Rg2_(2,1,1)(2,1,1)(2,1,3) 222 E3= 8 g=113 | g2c=  5 g3c=  21 l0=1 l1=1 kap=  -2 TB=  -42 | prs= 64 d3+= 16 NI=  8 ID=  8 FD=  0 | gJK=  -42 J[10, 11] | cmp0=0 s2id0=0 r0=0
  SLOPES (first differences along the g2-ramp):
    gamma2: [5, 5, 5]  d1=[0, 0]  d2=[0]
    gamma3: [21, 21, 21]  d1=[0, 0]  d2=[0]
       w2P: [10, 10, 10]  d1=[0, 0]  d2=[0]
     kappa: [-2, -2, -2]  d1=[0, 0]  d2=[0]
        TB: [-42, -42, -42]  d1=[0, 0]  d2=[0]
    kappa*gamma3 MEASURED (Delta-gamma2*J const on d3=1): [-42, -42, -42]

==============================================================================
PART B2: WITHIN-TOWER BREAKPOINT LOCI (gamma'-scans)

  GAMMA'-SCAN e2=3 ramp tower: gamma=110 fixed (s3=2), gamma'=108..131  (first differences in brackets; * marks d3-flip rows)
   rp | s3p d3 |  S1m  Dlt  D2   D1  D1n | diffs d(S1m) d(D1)
    0 |  0   0 |    0    0   0    0    0 |
    1 |  1   1 |   13   13  15    7 None | [ 13   7] *
    2 |  2   1 |   13   13  15    6 None | [  0  -1]  
    3 |  0   0 |    0    0   0    0    0 | [-13  -6] *
    4 |  1   1 |   18   18  16    9    0 | [ 18   9] *
    5 |  2   1 |   18   18  16    9    0 | [  0   0]  
    6 |  0   0 |    0    0   0    0    0 | [-18  -9] *
    7 |  1   1 |   13   13  15    6 None | [ 13   6] *
    8 |  2   1 |   13   13  15    7 None | [  0   1]  
    9 |  0   0 |    0    0   0    0    0 | [-13  -7] *
   10 |  1   1 |   18   18  16    9    0 | [ 18   9] *
   11 |  2   1 |   18   18  16    9    0 | [  0   0]  
   12 |  0   0 |    0    0   0    0    0 | [-18  -9] *
   13 |  1   1 |   13   13  15    7 None | [ 13   7] *
   14 |  2   1 |   13   13  15    6 None | [  0  -1]  
   15 |  0   0 |    0    0   0    0    0 | [-13  -6] *
   16 |  1   1 |   18   18  16    9    0 | [ 18   9] *
   17 |  2   1 |   18   18  16    9    0 | [  0   0]  
   18 |  0   0 |    0    0   0    0    0 | [-18  -9] *
   19 |  1   1 |   13   13  15    6 None | [ 13   6] *
   20 |  2   1 |   13   13  15    7 None | [  0   1]  
   21 |  0   0 |    0    0   0    0    0 | [-13  -7] *
   22 |  1   1 |   18   18  16    9    0 | [ 18   9] *
   23 |  2   1 |   18   18  16    9    0 | [  0   0]  
  d3-flip loci (offsets where d3 changes vs previous row): [1, 3, 4, 6, 7, 9, 10, 12, 13, 15, 16, 18, 19, 21, 22]

  GAMMA'-SCAN l1 ramp h1=2: gamma=261 fixed (s3=1), gamma'=260..299  (first differences in brackets; * marks d3-flip rows)
   rp | s3p d3 |  S1m  Dlt  D2   D1  D1n | diffs d(S1m) d(D1)
    0 |  0   0 |    0    0   0    0    0 |
    1 |  1   1 |   17   17  72    8 None | [ 17   8] *
    2 |  0   0 |    0    0   0    0    0 | [-17  -8] *
    3 |  1   1 |   29   29  73   15 None | [ 29  15] *
    4 |  0   0 |    0    0   0    0    0 | [-29 -15] *
    5 |  1   1 |   17   17  72    8 None | [ 17   8] *
    6 |  0   0 |    0    0   0    0    0 | [-17  -8] *
    7 |  1   1 |   29   29  73   15 None | [ 29  15] *
    8 |  0   0 |    0    0   0    0    0 | [-29 -15] *
    9 |  1   1 |   29   29  73   14 None | [ 29  14] *
   10 |  0   0 |    0    0   0    0    0 | [-29 -14] *
   11 |  1   1 |   17   17  72    9 None | [ 17   9] *
   12 |  0   0 |    0    0   0    0    0 | [-17  -9] *
   13 |  1   1 |   29   29  73   14 None | [ 29  14] *
   14 |  0   0 |    0    0   0    0    0 | [-29 -14] *
   15 |  1   1 |   17   17  72    9 None | [ 17   9] *
   16 |  0   0 |    0    0   0    0    0 | [-17  -9] *
   17 |  1   1 |   29   29  73   14 None | [ 29  14] *
   18 |  0   0 |    0    0   0    0    0 | [-29 -14] *
   19 |  1   1 |   29   29  73   15 None | [ 29  15] *
   20 |  0   0 |    0    0   0    0    0 | [-29 -15] *
   21 |  1   1 |   17   17  72    8 None | [ 17   8] *
   22 |  0   0 |    0    0   0    0    0 | [-17  -8] *
   23 |  1   1 |   29   29  73   15 None | [ 29  15] *
   24 |  0   0 |    0    0   0    0    0 | [-29 -15] *
   25 |  1   1 |   17   17  72    8 None | [ 17   8] *
   26 |  0   0 |    0    0   0    0    0 | [-17  -8] *
   27 |  1   1 |   29   29  73   15 None | [ 29  15] *
   28 |  0   0 |    0    0   0    0    0 | [-29 -15] *
   29 |  1   1 |   29   29  73   14 None | [ 29  14] *
   30 |  0   0 |    0    0   0    0    0 | [-29 -14] *
   31 |  1   1 |   17   17  72    9 None | [ 17   9] *
   32 |  0   0 |    0    0   0    0    0 | [-17  -9] *
   33 |  1   1 |   29   29  73   14 None | [ 29  14] *
   34 |  0   0 |    0    0   0    0    0 | [-29 -14] *
   35 |  1   1 |   17   17  72    9 None | [ 17   9] *
   36 |  0   0 |    0    0   0    0    0 | [-17  -9] *
   37 |  1   1 |   29   29  73   14 None | [ 29  14] *
   38 |  0   0 |    0    0   0    0    0 | [-29 -14] *
   39 |  1   1 |   29   29  73   15 None | [ 29  15] *
  d3-flip loci (offsets where d3 changes vs previous row): [1, 2, 3, 4, 5, 6, 7, 8, 9, 10, 11, 12, 13, 14, 15, 16, 17, 18, 19, 20, 21, 22, 23, 24, 25, 26, 27, 28, 29, 30, 31, 32, 33, 34, 35, 36, 37, 38, 39]

  GAMMA'-SCAN e1=3 ramp tower: gamma=97 fixed (s3=1), gamma'=96..119  (first differences in brackets; * marks d3-flip rows)
   rp | s3p d3 |  S1m  Dlt  D2   D1  D1n | diffs d(S1m) d(D1)
    0 |  0   0 |    0    0   0    0    0 |
    1 |  1   1 |   12   12  14    7    1 | [ 12   7] *
    2 |  0   0 |    0    0   0    0    0 | [-12  -7] *
    3 |  1   1 |   12   12  14    7    1 | [ 12   7] *
    4 |  0   0 |    0    0   0    0    0 | [-12  -7] *
    5 |  1   1 |   19   19  15   10 None | [ 19  10] *
    6 |  0   0 |    0    0   0    1    1 | [-19  -9] *
    7 |  1   1 |   12   12  14    6    0 | [ 12   5] *
    8 |  0   0 |    0    0   0    1    1 | [-12  -5] *
    9 |  1   1 |   12   12  14    6    0 | [ 12   5] *
   10 |  0   0 |    0    0   0    1    1 | [-12  -5] *
   11 |  1   1 |   19   19  15   10 None | [ 19   9] *
   12 |  0   0 |    0    0   0    0    0 | [-19 -10] *
   13 |  1   1 |   12   12  14    7    1 | [ 12   7] *
   14 |  0   0 |    0    0   0    0    0 | [-12  -7] *
   15 |  1   1 |   12   12  14    7    1 | [ 12   7] *
   16 |  0   0 |    0    0   0    0    0 | [-12  -7] *
   17 |  1   1 |   19   19  15   10 None | [ 19  10] *
   18 |  0   0 |    0    0   0    1    1 | [-19  -9] *
   19 |  1   1 |   12   12  14    6    0 | [ 12   5] *
   20 |  0   0 |    0    0   0    1    1 | [-12  -5] *
   21 |  1   1 |   12   12  14    6    0 | [ 12   5] *
   22 |  0   0 |    0    0   0    1    1 | [-12  -5] *
   23 |  1   1 |   19   19  15   10 None | [ 19   9] *
  d3-flip loci (offsets where d3 changes vs previous row): [1, 2, 3, 4, 5, 6, 7, 8, 9, 10, 11, 12, 13, 14, 15, 16, 17, 18, 19, 20, 21, 22, 23]

==============================================================================
M5 CROSS-HARNESS SPOT-CHECK (level3_xcheck: independent fields/psi)
  tie: M5-measured c3 == z3^d3 z2^D2 z1^D1 with (d3,D2,D1) from the
  SEALED-harness integer leg at the SAME (gamma,gamma'); plus s-chain id
  FULL8: pairs=64 schain_bad=0 tie_bad=0 naive-field-sep-seen=0
  De1a: pairs=16 schain_bad=0 tie_bad=0 naive-field-sep-seen=0
  Rl1h2: pairs=36 schain_bad=0 tie_bad=0 naive-field-sep-seen=0

==============================================================================
STRUCTURAL identity failures: 0
TOTAL elapsed 5.1s
M3 VERDICT (structural identities only; separation counts are data): STRUCT-GREEN
