level3_xcheck.py -- M5 cross-implementation control (post-seal diagnostic, NON-PREREG)
harness written from ITERLAW_2026-08-08.md S0/S5 + DITER_RESTATE_2026-08-08.md S2 alone

---- F0: 2-level fidelity against the ACCEPTED order-2 law (ground truth) ----
F0 F0a: ring=Zp p=3 espec=[(2, 1, 2), (2, 1, 2)] E2=4 pairs=16 violations=0 descent_spotbad=0
F0 F0b: ring=Fp[[t]] p=3 espec=[(2, 1, 1), (2, 1, 2)] E2=4 pairs=16 violations=0 descent_spotbad=0
F0 F0c: ring=Zp p=2 espec=[(3, 1, 2), (2, 1, 2)] E2=6 pairs=36 violations=0 descent_spotbad=0
F0 F0d: ring=Zp p=3 espec=[(1, 1, 2), (3, 2, 2)] E2=3 pairs=9 violations=0 descent_spotbad=0
F0 F0e: ring=Fp[[t]] p=2 espec=[(2, 1, 2), (1, 1, 2)] E2=2 pairs=4 violations=0 descent_spotbad=0
F0 F0f: ring=Zp p=3 espec=[(3, 2, 2), (2, 3, 2)] E2=6 pairs=36 violations=0 descent_spotbad=0
F0 TOTAL: 117 pairs, 0 violations -> GREEN

---- level-3 towers: exhaustive window pairs, measured cocycle monomials ----
(columns: gamma, gamma'; s3-data + top carry d3; s2 of the three anchors; s1 of the
 three anchors; realized inner shifts Sig1 = b1''-b1-b1', Sig2 = b2''-b2-b2';
 measured monomial c3 = z3^a3 z2^a2 z1^a1 shown as (a3,a2,a1), balanced residues)

== TOWER L3A: ring=Zp p=3 reads(e,h,g)=[(2, 1, 2), (1, 1, 2), (2, 1, 2)]
   E3=4  gamma1=1 gamma2=5 gamma3=21  w1Phi1=4 w2Phi2=10  bez l=[1, 0, 1] lp=[0, 1, 0]
   psi0=[2, 1] psi1=[(0, 1), (0, 1)] psi2=[((0, 0), (0, 2)), ((0, 0), (0, 1))]
   letter orders: ord(z1)=8 ord(z2)=80 ord(z3)=6560 |K3|=6561
   window reps: [0, 21, 2, 23]
      g   gp | s3 s3p d3 |  s2 s2p s2s |  s1 s1p s1s |  Sig1  Sig2 | measured (a3,a2,a1)
      0    0 |  0  0  0 |   0   0   0 |   0   0   0 |     0     0 | (0,0,0) *AMB8
      0   21 |  0  1  0 |   0   0   0 |   0   0   0 |     0     0 | (0,0,0) *AMB8
      0    2 |  0  0  0 |   0   0   0 |   0   1   1 |     0     0 | (0,0,0) *AMB8
      0   23 |  0  1  0 |   0   0   0 |   0   1   1 |     0     0 | (0,0,0) *AMB8
     21    0 |  1  0  0 |   0   0   0 |   0   0   0 |     0     0 | (0,0,0) *AMB8
     21   21 |  1  1  1 |   0   0   0 |   0   0   1 |    21    21 | (1,0,2) *AMB8
     21    2 |  1  0  0 |   0   0   0 |   0   1   1 |     0     0 | (0,0,0) *AMB8
     21   23 |  1  1  1 |   0   0   0 |   0   1   0 |    21    21 | (1,0,3) *AMB8
      2    0 |  0  0  0 |   0   0   0 |   1   0   1 |     0     0 | (0,0,0) *AMB8
      2   21 |  0  1  0 |   0   0   0 |   1   0   1 |     0     0 | (0,0,0) *AMB8
      2    2 |  0  0  0 |   0   0   0 |   1   1   0 |     0     0 | (0,0,1) *AMB8
      2   23 |  0  1  0 |   0   0   0 |   1   1   0 |     0     0 | (0,0,1) *AMB8
     23    0 |  1  0  0 |   0   0   0 |   1   0   1 |     0     0 | (0,0,0) *AMB8
     23   21 |  1  1  1 |   0   0   0 |   1   0   0 |    21    21 | (1,0,3) *AMB8
     23    2 |  1  0  0 |   0   0   0 |   1   1   0 |     0     0 | (0,0,1) *AMB8
     23   23 |  1  1  1 |   0   0   0 |   1   1   1 |    21    21 | (1,0,3) *AMB8
   [ambiguity: some values matched by >1 exponent tuple in the reduced box; counts seen: [8] -- exponents reported mod letter-relation lattice]

== TOWER L3B: ring=Zp p=3 reads(e,h,g)=[(1, 1, 2), (2, 1, 2), (2, 3, 2)]
   E3=4  gamma1=1 gamma2=5 gamma3=43  w1Phi1=2 w2Phi2=20  bez l=[0, 1, 1] lp=[1, 0, -1]
   psi0=[2, 1] psi1=[(0, 1), (0, 1)] psi2=[((0, 0), (0, 2)), ((0, 0), (0, 1))]
   letter orders: ord(z1)=8 ord(z2)=80 ord(z3)=6560 |K3|=6561
   window reps: [0, 53, 10, 43]
      g   gp | s3 s3p d3 |  s2 s2p s2s |  s1 s1p s1s |  Sig1  Sig2 | measured (a3,a2,a1)
      0    0 |  0  0  0 |   0   0   0 |   0   0   0 |     0     0 | (0,0,0) *AMB8
      0   53 |  0  1  0 |   0   1   1 |   0   0   0 |     0     0 | (0,0,0) *AMB8
      0   10 |  0  0  0 |   0   1   1 |   0   0   0 |     0     0 | (0,0,0) *AMB8
      0   43 |  0  1  0 |   0   0   0 |   0   0   0 |     0     0 | (0,0,0) *AMB8
     53    0 |  1  0  0 |   1   0   1 |   0   0   0 |     0     0 | (0,0,0) *AMB8
     53   53 |  1  1  1 |   1   1   1 |   0   0   0 |    24    43 | (1,2,2) *AMB8
     53   10 |  1  0  0 |   1   1   0 |   0   0   0 |     5     0 | (0,1,0) *AMB8
     53   43 |  1  1  1 |   1   0   0 |   0   0   0 |    24    43 | (1,2,2) *AMB8
     10    0 |  0  0  0 |   1   0   1 |   0   0   0 |     0     0 | (0,0,0) *AMB8
     10   53 |  0  1  0 |   1   1   0 |   0   0   0 |     5     0 | (0,1,0) *AMB8
     10   10 |  0  0  0 |   1   1   0 |   0   0   0 |     5     0 | (0,1,0) *AMB8
     10   43 |  0  1  0 |   1   0   1 |   0   0   0 |     0     0 | (0,0,0) *AMB8
     43    0 |  1  0  0 |   0   0   0 |   0   0   0 |     0     0 | (0,0,0) *AMB8
     43   53 |  1  1  1 |   0   1   0 |   0   0   0 |    24    43 | (1,2,2) *AMB8
     43   10 |  1  0  0 |   0   1   1 |   0   0   0 |     0     0 | (0,0,0) *AMB8
     43   43 |  1  1  1 |   0   0   1 |   0   0   0 |    19    43 | (1,1,2) *AMB8
   [ambiguity: some values matched by >1 exponent tuple in the reduced box; counts seen: [8] -- exponents reported mod letter-relation lattice]

== TOWER L3C: ring=Zp p=2 reads(e,h,g)=[(2, 1, 2), (2, 1, 2), (2, 1, 2)]
   E3=8  gamma1=1 gamma2=9 gamma3=73  w1Phi1=4 w2Phi2=36  bez l=[1, 1, 1] lp=[0, 0, 0]
   psi0=[1, 1] psi1=[(0, 1), (0, 1)] psi2=[((0, 0), (1, 0)), ((0, 0), (0, 1))]
   letter orders: ord(z1)=3 ord(z2)=15 ord(z3)=255 |K3|=256
   window reps: [0, 73, 18, 91, 4, 77, 22, 95]
      g   gp | s3 s3p d3 |  s2 s2p s2s |  s1 s1p s1s |  Sig1  Sig2 | measured (a3,a2,a1)
      0    0 |  0  0  0 |   0   0   0 |   0   0   0 |     0     0 | (0,0,0) *AMB3
      0   73 |  0  1  0 |   0   0   0 |   0   0   0 |     0     0 | (0,0,0) *AMB3
      0   18 |  0  0  0 |   0   1   1 |   0   0   0 |     0     0 | (0,0,0) *AMB3
      0   91 |  0  1  0 |   0   1   1 |   0   0   0 |     0     0 | (0,0,0) *AMB3
      0    4 |  0  0  0 |   0   0   0 |   0   1   1 |     0     0 | (0,0,0) *AMB3
      0   77 |  0  1  0 |   0   0   0 |   0   1   1 |     0     0 | (0,0,0) *AMB3
      0   22 |  0  0  0 |   0   1   1 |   0   1   1 |     0     0 | (0,0,0) *AMB3
      0   95 |  0  1  0 |   0   1   1 |   0   1   1 |     0     0 | (0,0,0) *AMB3
     73    0 |  1  0  0 |   0   0   0 |   0   0   0 |     0     0 | (0,0,0) *AMB3
     73   73 |  1  1  1 |   0   0   1 |   0   0   0 |    32    73 | (1,1,-1) *AMB3
     73   18 |  1  0  0 |   0   1   1 |   0   0   0 |     0     0 | (0,0,0) *AMB3
     73   91 |  1  1  1 |   0   1   0 |   0   0   1 |    41    73 | (1,2,0) *AMB3
     73    4 |  1  0  0 |   0   0   0 |   0   1   1 |     0     0 | (0,0,0) *AMB3
     73   77 |  1  1  1 |   0   0   1 |   0   1   1 |    32    73 | (1,1,-1) *AMB3
     73   22 |  1  0  0 |   0   1   1 |   0   1   1 |     0     0 | (0,0,0) *AMB3
     73   95 |  1  1  1 |   0   1   0 |   0   1   0 |    41    73 | (1,2,1) *AMB3
     18    0 |  0  0  0 |   1   0   1 |   0   0   0 |     0     0 | (0,0,0) *AMB3
     18   73 |  0  1  0 |   1   0   1 |   0   0   0 |     0     0 | (0,0,0) *AMB3
     18   18 |  0  0  0 |   1   1   0 |   0   0   1 |     9     0 | (0,1,1) *AMB3
     18   91 |  0  1  0 |   1   1   0 |   0   0   1 |     9     0 | (0,1,1) *AMB3
     18    4 |  0  0  0 |   1   0   1 |   0   1   1 |     0     0 | (0,0,0) *AMB3
     18   77 |  0  1  0 |   1   0   1 |   0   1   1 |     0     0 | (0,0,0) *AMB3
     18   22 |  0  0  0 |   1   1   0 |   0   1   0 |     9     0 | (0,1,-1) *AMB3
     18   95 |  0  1  0 |   1   1   0 |   0   1   0 |     9     0 | (0,1,-1) *AMB3
     91    0 |  1  0  0 |   1   0   1 |   0   0   0 |     0     0 | (0,0,0) *AMB3
     91   73 |  1  1  1 |   1   0   0 |   0   0   1 |    41    73 | (1,2,0) *AMB3
     91   18 |  1  0  0 |   1   1   0 |   0   0   1 |     9     0 | (0,1,1) *AMB3
     91   91 |  1  1  1 |   1   1   1 |   0   0   1 |    41    73 | (1,2,0) *AMB3
     91    4 |  1  0  0 |   1   0   1 |   0   1   1 |     0     0 | (0,0,0) *AMB3
     91   77 |  1  1  1 |   1   0   0 |   0   1   0 |    41    73 | (1,2,1) *AMB3
     91   22 |  1  0  0 |   1   1   0 |   0   1   0 |     9     0 | (0,1,-1) *AMB3
     91   95 |  1  1  1 |   1   1   1 |   0   1   0 |    41    73 | (1,2,1) *AMB3
      4    0 |  0  0  0 |   0   0   0 |   1   0   1 |     0     0 | (0,0,0) *AMB3
      4   73 |  0  1  0 |   0   0   0 |   1   0   1 |     0     0 | (0,0,0) *AMB3
      4   18 |  0  0  0 |   0   1   1 |   1   0   1 |     0     0 | (0,0,0) *AMB3
      4   91 |  0  1  0 |   0   1   1 |   1   0   1 |     0     0 | (0,0,0) *AMB3
      4    4 |  0  0  0 |   0   0   0 |   1   1   0 |     0     0 | (0,0,1) *AMB3
      4   77 |  0  1  0 |   0   0   0 |   1   1   0 |     0     0 | (0,0,1) *AMB3
      4   22 |  0  0  0 |   0   1   1 |   1   1   0 |     0     0 | (0,0,1) *AMB3
      4   95 |  0  1  0 |   0   1   1 |   1   1   0 |     0     0 | (0,0,1) *AMB3
     77    0 |  1  0  0 |   0   0   0 |   1   0   1 |     0     0 | (0,0,0) *AMB3
     77   73 |  1  1  1 |   0   0   1 |   1   0   1 |    32    73 | (1,1,-1) *AMB3
     77   18 |  1  0  0 |   0   1   1 |   1   0   1 |     0     0 | (0,0,0) *AMB3
     77   91 |  1  1  1 |   0   1   0 |   1   0   0 |    41    73 | (1,2,1) *AMB3
     77    4 |  1  0  0 |   0   0   0 |   1   1   0 |     0     0 | (0,0,1) *AMB3
     77   77 |  1  1  1 |   0   0   1 |   1   1   0 |    32    73 | (1,1,0) *AMB3
     77   22 |  1  0  0 |   0   1   1 |   1   1   0 |     0     0 | (0,0,1) *AMB3
     77   95 |  1  1  1 |   0   1   0 |   1   1   1 |    41    73 | (1,2,1) *AMB3
     22    0 |  0  0  0 |   1   0   1 |   1   0   1 |     0     0 | (0,0,0) *AMB3
     22   73 |  0  1  0 |   1   0   1 |   1   0   1 |     0     0 | (0,0,0) *AMB3
     22   18 |  0  0  0 |   1   1   0 |   1   0   0 |     9     0 | (0,1,-1) *AMB3
     22   91 |  0  1  0 |   1   1   0 |   1   0   0 |     9     0 | (0,1,-1) *AMB3
     22    4 |  0  0  0 |   1   0   1 |   1   1   0 |     0     0 | (0,0,1) *AMB3
     22   77 |  0  1  0 |   1   0   1 |   1   1   0 |     0     0 | (0,0,1) *AMB3
     22   22 |  0  0  0 |   1   1   0 |   1   1   1 |     9     0 | (0,1,-1) *AMB3
     22   95 |  0  1  0 |   1   1   0 |   1   1   1 |     9     0 | (0,1,-1) *AMB3
     95    0 |  1  0  0 |   1   0   1 |   1   0   1 |     0     0 | (0,0,0) *AMB3
     95   73 |  1  1  1 |   1   0   0 |   1   0   0 |    41    73 | (1,2,1) *AMB3
     95   18 |  1  0  0 |   1   1   0 |   1   0   0 |     9     0 | (0,1,-1) *AMB3
     95   91 |  1  1  1 |   1   1   1 |   1   0   0 |    41    73 | (1,2,1) *AMB3
     95    4 |  1  0  0 |   1   0   1 |   1   1   0 |     0     0 | (0,0,1) *AMB3
     95   77 |  1  1  1 |   1   0   0 |   1   1   1 |    41    73 | (1,2,1) *AMB3
     95   22 |  1  0  0 |   1   1   0 |   1   1   1 |     9     0 | (0,1,-1) *AMB3
     95   95 |  1  1  1 |   1   1   1 |   1   1   1 |    41    73 | (1,2,1) *AMB3
   [ambiguity: some values matched by >1 exponent tuple in the reduced box; counts seen: [3] -- exponents reported mod letter-relation lattice]

== TOWER L3D: ring=Zp p=3 reads(e,h,g)=[(2, 1, 2), (2, 1, 2), (2, 1, 2)]
   E3=8  gamma1=1 gamma2=9 gamma3=73  w1Phi1=4 w2Phi2=36  bez l=[1, 1, 1] lp=[0, 0, 0]
   psi0=[2, 1] psi1=[(0, 1), (0, 1)] psi2=[((0, 0), (0, 2)), ((0, 0), (0, 1))]
   letter orders: ord(z1)=8 ord(z2)=80 ord(z3)=6560 |K3|=6561
   window reps: [0, 73, 18, 91, 4, 77, 22, 95]
      g   gp | s3 s3p d3 |  s2 s2p s2s |  s1 s1p s1s |  Sig1  Sig2 | measured (a3,a2,a1)
      0    0 |  0  0  0 |   0   0   0 |   0   0   0 |     0     0 | (0,0,0) *AMB8
      0   73 |  0  1  0 |   0   0   0 |   0   0   0 |     0     0 | (0,0,0) *AMB8
      0   18 |  0  0  0 |   0   1   1 |   0   0   0 |     0     0 | (0,0,0) *AMB8
      0   91 |  0  1  0 |   0   1   1 |   0   0   0 |     0     0 | (0,0,0) *AMB8
      0    4 |  0  0  0 |   0   0   0 |   0   1   1 |     0     0 | (0,0,0) *AMB8
      0   77 |  0  1  0 |   0   0   0 |   0   1   1 |     0     0 | (0,0,0) *AMB8
      0   22 |  0  0  0 |   0   1   1 |   0   1   1 |     0     0 | (0,0,0) *AMB8
      0   95 |  0  1  0 |   0   1   1 |   0   1   1 |     0     0 | (0,0,0) *AMB8
     73    0 |  1  0  0 |   0   0   0 |   0   0   0 |     0     0 | (0,0,0) *AMB8
     73   73 |  1  1  1 |   0   0   1 |   0   0   0 |    32    73 | (1,-4,4) *AMB8
     73   18 |  1  0  0 |   0   1   1 |   0   0   0 |     0     0 | (0,0,0) *AMB8
     73   91 |  1  1  1 |   0   1   0 |   0   0   1 |    41    73 | (1,-3,0) *AMB8
     73    4 |  1  0  0 |   0   0   0 |   0   1   1 |     0     0 | (0,0,0) *AMB8
     73   77 |  1  1  1 |   0   0   1 |   0   1   1 |    32    73 | (1,-4,4) *AMB8
     73   22 |  1  0  0 |   0   1   1 |   0   1   1 |     0     0 | (0,0,0) *AMB8
     73   95 |  1  1  1 |   0   1   0 |   0   1   0 |    41    73 | (1,-3,1) *AMB8
     18    0 |  0  0  0 |   1   0   1 |   0   0   0 |     0     0 | (0,0,0) *AMB8
     18   73 |  0  1  0 |   1   0   1 |   0   0   0 |     0     0 | (0,0,0) *AMB8
     18   18 |  0  0  0 |   1   1   0 |   0   0   1 |     9     0 | (0,1,4) *AMB8
     18   91 |  0  1  0 |   1   1   0 |   0   0   1 |     9     0 | (0,1,4) *AMB8
     18    4 |  0  0  0 |   1   0   1 |   0   1   1 |     0     0 | (0,0,0) *AMB8
     18   77 |  0  1  0 |   1   0   1 |   0   1   1 |     0     0 | (0,0,0) *AMB8
     18   22 |  0  0  0 |   1   1   0 |   0   1   0 |     9     0 | (0,1,-3) *AMB8
     18   95 |  0  1  0 |   1   1   0 |   0   1   0 |     9     0 | (0,1,-3) *AMB8
     91    0 |  1  0  0 |   1   0   1 |   0   0   0 |     0     0 | (0,0,0) *AMB8
     91   73 |  1  1  1 |   1   0   0 |   0   0   1 |    41    73 | (1,-3,0) *AMB8
     91   18 |  1  0  0 |   1   1   0 |   0   0   1 |     9     0 | (0,1,4) *AMB8
     91   91 |  1  1  1 |   1   1   1 |   0   0   1 |    41    73 | (1,-3,0) *AMB8
     91    4 |  1  0  0 |   1   0   1 |   0   1   1 |     0     0 | (0,0,0) *AMB8
     91   77 |  1  1  1 |   1   0   0 |   0   1   0 |    41    73 | (1,-3,1) *AMB8
     91   22 |  1  0  0 |   1   1   0 |   0   1   0 |     9     0 | (0,1,-3) *AMB8
     91   95 |  1  1  1 |   1   1   1 |   0   1   0 |    41    73 | (1,-3,1) *AMB8
      4    0 |  0  0  0 |   0   0   0 |   1   0   1 |     0     0 | (0,0,0) *AMB8
      4   73 |  0  1  0 |   0   0   0 |   1   0   1 |     0     0 | (0,0,0) *AMB8
      4   18 |  0  0  0 |   0   1   1 |   1   0   1 |     0     0 | (0,0,0) *AMB8
      4   91 |  0  1  0 |   0   1   1 |   1   0   1 |     0     0 | (0,0,0) *AMB8
      4    4 |  0  0  0 |   0   0   0 |   1   1   0 |     0     0 | (0,0,1) *AMB8
      4   77 |  0  1  0 |   0   0   0 |   1   1   0 |     0     0 | (0,0,1) *AMB8
      4   22 |  0  0  0 |   0   1   1 |   1   1   0 |     0     0 | (0,0,1) *AMB8
      4   95 |  0  1  0 |   0   1   1 |   1   1   0 |     0     0 | (0,0,1) *AMB8
     77    0 |  1  0  0 |   0   0   0 |   1   0   1 |     0     0 | (0,0,0) *AMB8
     77   73 |  1  1  1 |   0   0   1 |   1   0   1 |    32    73 | (1,-4,4) *AMB8
     77   18 |  1  0  0 |   0   1   1 |   1   0   1 |     0     0 | (0,0,0) *AMB8
     77   91 |  1  1  1 |   0   1   0 |   1   0   0 |    41    73 | (1,-3,1) *AMB8
     77    4 |  1  0  0 |   0   0   0 |   1   1   0 |     0     0 | (0,0,1) *AMB8
     77   77 |  1  1  1 |   0   0   1 |   1   1   0 |    32    73 | (1,-4,-3) *AMB8
     77   22 |  1  0  0 |   0   1   1 |   1   1   0 |     0     0 | (0,0,1) *AMB8
     77   95 |  1  1  1 |   0   1   0 |   1   1   1 |    41    73 | (1,-3,1) *AMB8
     22    0 |  0  0  0 |   1   0   1 |   1   0   1 |     0     0 | (0,0,0) *AMB8
     22   73 |  0  1  0 |   1   0   1 |   1   0   1 |     0     0 | (0,0,0) *AMB8
     22   18 |  0  0  0 |   1   1   0 |   1   0   0 |     9     0 | (0,1,-3) *AMB8
     22   91 |  0  1  0 |   1   1   0 |   1   0   0 |     9     0 | (0,1,-3) *AMB8
     22    4 |  0  0  0 |   1   0   1 |   1   1   0 |     0     0 | (0,0,1) *AMB8
     22   77 |  0  1  0 |   1   0   1 |   1   1   0 |     0     0 | (0,0,1) *AMB8
     22   22 |  0  0  0 |   1   1   0 |   1   1   1 |     9     0 | (0,1,-3) *AMB8
     22   95 |  0  1  0 |   1   1   0 |   1   1   1 |     9     0 | (0,1,-3) *AMB8
     95    0 |  1  0  0 |   1   0   1 |   1   0   1 |     0     0 | (0,0,0) *AMB8
     95   73 |  1  1  1 |   1   0   0 |   1   0   0 |    41    73 | (1,-3,1) *AMB8
     95   18 |  1  0  0 |   1   1   0 |   1   0   0 |     9     0 | (0,1,-3) *AMB8
     95   91 |  1  1  1 |   1   1   1 |   1   0   0 |    41    73 | (1,-3,1) *AMB8
     95    4 |  1  0  0 |   1   0   1 |   1   1   0 |     0     0 | (0,0,1) *AMB8
     95   77 |  1  1  1 |   1   0   0 |   1   1   1 |    41    73 | (1,-3,1) *AMB8
     95   22 |  1  0  0 |   1   1   0 |   1   1   1 |     9     0 | (0,1,-3) *AMB8
     95   95 |  1  1  1 |   1   1   1 |   1   1   1 |    41    73 | (1,-3,1) *AMB8
   [ambiguity: some values matched by >1 exponent tuple in the reduced box; counts seen: [8] -- exponents reported mod letter-relation lattice]

== TOWER L3E: ring=Fp[[t]] p=2 reads(e,h,g)=[(1, 1, 2), (3, 1, 2), (2, 1, 2)]
   E3=6  gamma1=1 gamma2=7 gamma3=85  w1Phi1=2 w2Phi2=42  bez l=[0, 1, 1] lp=[1, 0, 0]
   psi0=[1, 1] psi1=[(0, 1), (0, 1)] psi2=[((0, 0), (1, 0)), ((0, 0), (0, 1))]
   letter orders: ord(z1)=3 ord(z2)=15 ord(z3)=255 |K3|=256
   window reps: [0, 85, 14, 99, 28, 113]
      g   gp | s3 s3p d3 |  s2 s2p s2s |  s1 s1p s1s |  Sig1  Sig2 | measured (a3,a2,a1)
      0    0 |  0  0  0 |   0   0   0 |   0   0   0 |     0     0 | (0,0,0) *AMB3
      0   85 |  0  1  0 |   0   0   0 |   0   0   0 |     0     0 | (0,0,0) *AMB3
      0   14 |  0  0  0 |   0   1   1 |   0   0   0 |     0     0 | (0,0,0) *AMB3
      0   99 |  0  1  0 |   0   1   1 |   0   0   0 |     0     0 | (0,0,0) *AMB3
      0   28 |  0  0  0 |   0   2   2 |   0   0   0 |     0     0 | (0,0,0) *AMB3
      0  113 |  0  1  0 |   0   2   2 |   0   0   0 |     0     0 | (0,0,0) *AMB3
     85    0 |  1  0  0 |   0   0   0 |   0   0   0 |     0     0 | (0,0,0) *AMB3
     85   85 |  1  1  1 |   0   0   1 |   0   0   0 |    26    85 | (1,-2,0) *AMB3
     85   14 |  1  0  0 |   0   1   1 |   0   0   0 |     0     0 | (0,0,0) *AMB3
     85   99 |  1  1  1 |   0   1   2 |   0   0   0 |    26    85 | (1,-2,0) *AMB3
     85   28 |  1  0  0 |   0   2   2 |   0   0   0 |     0     0 | (0,0,0) *AMB3
     85  113 |  1  1  1 |   0   2   0 |   0   0   0 |    33    85 | (1,-1,0) *AMB3
     14    0 |  0  0  0 |   1   0   1 |   0   0   0 |     0     0 | (0,0,0) *AMB3
     14   85 |  0  1  0 |   1   0   1 |   0   0   0 |     0     0 | (0,0,0) *AMB3
     14   14 |  0  0  0 |   1   1   2 |   0   0   0 |     0     0 | (0,0,0) *AMB3
     14   99 |  0  1  0 |   1   1   2 |   0   0   0 |     0     0 | (0,0,0) *AMB3
     14   28 |  0  0  0 |   1   2   0 |   0   0   0 |     7     0 | (0,1,0) *AMB3
     14  113 |  0  1  0 |   1   2   0 |   0   0   0 |     7     0 | (0,1,0) *AMB3
     99    0 |  1  0  0 |   1   0   1 |   0   0   0 |     0     0 | (0,0,0) *AMB3
     99   85 |  1  1  1 |   1   0   2 |   0   0   0 |    26    85 | (1,-2,0) *AMB3
     99   14 |  1  0  0 |   1   1   2 |   0   0   0 |     0     0 | (0,0,0) *AMB3
     99   99 |  1  1  1 |   1   1   0 |   0   0   0 |    33    85 | (1,-1,0) *AMB3
     99   28 |  1  0  0 |   1   2   0 |   0   0   0 |     7     0 | (0,1,0) *AMB3
     99  113 |  1  1  1 |   1   2   1 |   0   0   0 |    33    85 | (1,-1,0) *AMB3
     28    0 |  0  0  0 |   2   0   2 |   0   0   0 |     0     0 | (0,0,0) *AMB3
     28   85 |  0  1  0 |   2   0   2 |   0   0   0 |     0     0 | (0,0,0) *AMB3
     28   14 |  0  0  0 |   2   1   0 |   0   0   0 |     7     0 | (0,1,0) *AMB3
     28   99 |  0  1  0 |   2   1   0 |   0   0   0 |     7     0 | (0,1,0) *AMB3
     28   28 |  0  0  0 |   2   2   1 |   0   0   0 |     7     0 | (0,1,0) *AMB3
     28  113 |  0  1  0 |   2   2   1 |   0   0   0 |     7     0 | (0,1,0) *AMB3
    113    0 |  1  0  0 |   2   0   2 |   0   0   0 |     0     0 | (0,0,0) *AMB3
    113   85 |  1  1  1 |   2   0   0 |   0   0   0 |    33    85 | (1,-1,0) *AMB3
    113   14 |  1  0  0 |   2   1   0 |   0   0   0 |     7     0 | (0,1,0) *AMB3
    113   99 |  1  1  1 |   2   1   1 |   0   0   0 |    33    85 | (1,-1,0) *AMB3
    113   28 |  1  0  0 |   2   2   1 |   0   0   0 |     7     0 | (0,1,0) *AMB3
    113  113 |  1  1  1 |   2   2   2 |   0   0   0 |    33    85 | (1,-1,0) *AMB3
   [ambiguity: some values matched by >1 exponent tuple in the reduced box; counts seen: [3] -- exponents reported mod letter-relation lattice]

== TOWER L3F: ring=Fp[[t]] p=3 reads(e,h,g)=[(3, 2, 2), (1, 1, 2), (2, 1, 2)]
   E3=6  gamma1=2 gamma2=13 gamma3=53  w1Phi1=12 w2Phi2=26  bez l=[2, 0, 1] lp=[-1, 1, 0]
   psi0=[2, 1] psi1=[(0, 1), (0, 1)] psi2=[((0, 0), (0, 2)), ((0, 0), (0, 1))]
   letter orders: ord(z1)=8 ord(z2)=80 ord(z3)=6560 |K3|=6561
   window reps: [0, 61, 8, 57, 4, 53]
      g   gp | s3 s3p d3 |  s2 s2p s2s |  s1 s1p s1s |  Sig1  Sig2 | measured (a3,a2,a1)
      0    0 |  0  0  0 |   0   0   0 |   0   0   0 |     0     0 | (0,0,0) *AMB8
      0   61 |  0  1  0 |   0   0   0 |   0   2   2 |     0     0 | (0,0,0) *AMB8
      0    8 |  0  0  0 |   0   0   0 |   0   2   2 |     0     0 | (0,0,0) *AMB8
      0   57 |  0  1  0 |   0   0   0 |   0   1   1 |     0     0 | (0,0,0) *AMB8
      0    4 |  0  0  0 |   0   0   0 |   0   1   1 |     0     0 | (0,0,0) *AMB8
      0   53 |  0  1  0 |   0   0   0 |   0   0   0 |     0     0 | (0,0,0) *AMB8
     61    0 |  1  0  0 |   0   0   0 |   2   0   2 |     0     0 | (0,0,0) *AMB8
     61   61 |  1  1  1 |   0   0   0 |   2   2   2 |    53    53 | (1,0,4) *AMB8
     61    8 |  1  0  0 |   0   0   0 |   2   2   1 |     0     0 | (0,0,1) *AMB8
     61   57 |  1  1  1 |   0   0   0 |   2   1   1 |    53    53 | (1,0,4) *AMB8
     61    4 |  1  0  0 |   0   0   0 |   2   1   0 |     0     0 | (0,0,1) *AMB8
     61   53 |  1  1  1 |   0   0   0 |   2   0   0 |    53    53 | (1,0,4) *AMB8
      8    0 |  0  0  0 |   0   0   0 |   2   0   2 |     0     0 | (0,0,0) *AMB8
      8   61 |  0  1  0 |   0   0   0 |   2   2   1 |     0     0 | (0,0,1) *AMB8
      8    8 |  0  0  0 |   0   0   0 |   2   2   1 |     0     0 | (0,0,1) *AMB8
      8   57 |  0  1  0 |   0   0   0 |   2   1   0 |     0     0 | (0,0,1) *AMB8
      8    4 |  0  0  0 |   0   0   0 |   2   1   0 |     0     0 | (0,0,1) *AMB8
      8   53 |  0  1  0 |   0   0   0 |   2   0   2 |     0     0 | (0,0,0) *AMB8
     57    0 |  1  0  0 |   0   0   0 |   1   0   1 |     0     0 | (0,0,0) *AMB8
     57   61 |  1  1  1 |   0   0   0 |   1   2   1 |    53    53 | (1,0,4) *AMB8
     57    8 |  1  0  0 |   0   0   0 |   1   2   0 |     0     0 | (0,0,1) *AMB8
     57   57 |  1  1  1 |   0   0   0 |   1   1   0 |    53    53 | (1,0,4) *AMB8
     57    4 |  1  0  0 |   0   0   0 |   1   1   2 |     0     0 | (0,0,0) *AMB8
     57   53 |  1  1  1 |   0   0   0 |   1   0   2 |    53    53 | (1,0,3) *AMB8
      4    0 |  0  0  0 |   0   0   0 |   1   0   1 |     0     0 | (0,0,0) *AMB8
      4   61 |  0  1  0 |   0   0   0 |   1   2   0 |     0     0 | (0,0,1) *AMB8
      4    8 |  0  0  0 |   0   0   0 |   1   2   0 |     0     0 | (0,0,1) *AMB8
      4   57 |  0  1  0 |   0   0   0 |   1   1   2 |     0     0 | (0,0,0) *AMB8
      4    4 |  0  0  0 |   0   0   0 |   1   1   2 |     0     0 | (0,0,0) *AMB8
      4   53 |  0  1  0 |   0   0   0 |   1   0   1 |     0     0 | (0,0,0) *AMB8
     53    0 |  1  0  0 |   0   0   0 |   0   0   0 |     0     0 | (0,0,0) *AMB8
     53   61 |  1  1  1 |   0   0   0 |   0   2   0 |    53    53 | (1,0,4) *AMB8
     53    8 |  1  0  0 |   0   0   0 |   0   2   2 |     0     0 | (0,0,0) *AMB8
     53   57 |  1  1  1 |   0   0   0 |   0   1   2 |    53    53 | (1,0,3) *AMB8
     53    4 |  1  0  0 |   0   0   0 |   0   1   1 |     0     0 | (0,0,0) *AMB8
     53   53 |  1  1  1 |   0   0   0 |   0   0   1 |    53    53 | (1,0,3) *AMB8
   [ambiguity: some values matched by >1 exponent tuple in the reduced box; counts seen: [8] -- exponents reported mod letter-relation lattice]

== TOWER L3G: ring=Zp p=3 reads(e,h,g)=[(2, 1, 2), (2, 1, 2), (1, 1, 2)]
   E3=4  gamma1=1 gamma2=9 gamma3=37  w1Phi1=4 w2Phi2=36  bez l=[1, 1, 0] lp=[0, 0, 1]
   psi0=[2, 1] psi1=[(0, 1), (0, 1)] psi2=[((0, 0), (0, 2)), ((0, 0), (0, 1))]
   letter orders: ord(z1)=8 ord(z2)=80 ord(z3)=6560 |K3|=6561
   window reps: [0, 9, 2, 11]
      g   gp | s3 s3p d3 |  s2 s2p s2s |  s1 s1p s1s |  Sig1  Sig2 | measured (a3,a2,a1)
      0    0 |  0  0  0 |   0   0   0 |   0   0   0 |     0     0 | (0,0,0) *AMB8
      0    9 |  0  0  0 |   0   1   1 |   0   0   0 |     0     0 | (0,0,0) *AMB8
      0    2 |  0  0  0 |   0   0   0 |   0   1   1 |     0     0 | (0,0,0) *AMB8
      0   11 |  0  0  0 |   0   1   1 |   0   1   1 |     0     0 | (0,0,0) *AMB8
      9    0 |  0  0  0 |   1   0   1 |   0   0   0 |     0     0 | (0,0,0) *AMB8
      9    9 |  0  0  0 |   1   1   0 |   0   0   1 |     9     0 | (0,1,4) *AMB8
      9    2 |  0  0  0 |   1   0   1 |   0   1   1 |     0     0 | (0,0,0) *AMB8
      9   11 |  0  0  0 |   1   1   0 |   0   1   0 |     9     0 | (0,1,-3) *AMB8
      2    0 |  0  0  0 |   0   0   0 |   1   0   1 |     0     0 | (0,0,0) *AMB8
      2    9 |  0  0  0 |   0   1   1 |   1   0   1 |     0     0 | (0,0,0) *AMB8
      2    2 |  0  0  0 |   0   0   0 |   1   1   0 |     0     0 | (0,0,1) *AMB8
      2   11 |  0  0  0 |   0   1   1 |   1   1   0 |     0     0 | (0,0,1) *AMB8
     11    0 |  0  0  0 |   1   0   1 |   1   0   1 |     0     0 | (0,0,0) *AMB8
     11    9 |  0  0  0 |   1   1   0 |   1   0   0 |     9     0 | (0,1,-3) *AMB8
     11    2 |  0  0  0 |   1   0   1 |   1   1   0 |     0     0 | (0,0,1) *AMB8
     11   11 |  0  0  0 |   1   1   0 |   1   1   1 |     9     0 | (0,1,-3) *AMB8
   [ambiguity: some values matched by >1 exponent tuple in the reduced box; counts seen: [8] -- exponents reported mod letter-relation lattice]

---- M5-CONJ (composed-shift pattern conjecture, value-based; NOT the seal) ----
M5-CONJ L3A: mismatches=0 nonintegral=0
M5-CONJ L3B: mismatches=0 nonintegral=0
M5-CONJ L3C: mismatches=0 nonintegral=0
M5-CONJ L3D: mismatches=0 nonintegral=0
M5-CONJ L3E: mismatches=0 nonintegral=0
M5-CONJ L3F: mismatches=0 nonintegral=0
M5-CONJ L3G: mismatches=0 nonintegral=0
M5-CONJ TOTAL: 248 pairs, 0 value mismatches, 0 nonintegral -> GREEN

---- SEALED CANDIDATE (ITER-LAW-3, from prereg S1 text) on M5's measurements ----
SEALED L3A: mismatches=0 nonintegral=0 shift-id-fails=0
SEALED L3B: mismatches=0 nonintegral=0 shift-id-fails=0
SEALED L3C: mismatches=0 nonintegral=0 shift-id-fails=0
SEALED L3D: mismatches=0 nonintegral=0 shift-id-fails=0
SEALED L3E: mismatches=0 nonintegral=0 shift-id-fails=0
SEALED L3F: mismatches=0 nonintegral=0 shift-id-fails=0
SEALED L3G: mismatches=0 nonintegral=0 shift-id-fails=0
SEALED TOTAL: 248 pairs, 0 value mismatches, 0 nonintegral, 0 inner-shift-identity failures -> GREEN
